1
0.747748
0.886076
1
1
1
0.970149
1
1
1
0.851064
0.907895
0.907895
0.625
1
0.72
1
0.658537
0.857143
0.794872
0.681818
0.822485
0.714286
0.813333
0.818182
0.887324
0.741935
1
1
1
0.852632
0.908497
0.908497
1
1
1
0.852632
0.908497
0.908497
1
1
1
0.835294
0.885246
0.881356
1
1
0.85
1
1
1
1
0.852632
0.908497
0.908497
1
1
1
0.852632
0.908497
0.908497
1
0.769231
0.875
1
1
1
1
0.575758
0.611111
1
1
0.612903
1
1
0.804878
1
1
1
1
0.809524
1
1
1
1
1
1
1
1
0.96875
1
1
1
1
1
1
1
1
1
1
1
1
1
1
1
1
0.681818
0.658537
1
0.877863
1
0.877193
1
1
1
1
1
1
1
1
1
1
