6600,6601,6602,6603,6604,6605,6800,6801,6802,6803,6804,6805,6806,6807,6900,6901,6902,6903,7000,7001,7002,7003,7004,7005,8200,8201,10100,10101,10200,10201,10300,10301,10400,10401,10500,10501,10600,10601,10700,10701,
4800,4801,11300,11301,


300,400,401,700,701,800,900,1300,1400,6200,6300,6700,6701,8000,8100,8700,8701,9000,9001,9100,9200,9300,9500,9600,9700,9800,9900,10000,10800,10900,11000,11100,11200,
1700,1701,1800,2000,2200,2400,4200,4300,4700,7100,7400,7500,7800,
1700,1701,1800,2000,2200,2400,4200,4300,4700,7100,7400,7500,7800,
1700,2000,2200,2400,4200,4300,4700,7100,7200,7300,
1700,2000,2200,2400,4200,4300,4700,7100,7200,7300,
1700,1701,1800,2000,2200,2400,7100,7400,7500,7800,
1700,1701,1800,2000,2200,2400,7100,7400,7500,7800,
1700,2000,2200,2400,7100,7200,7300,
1700,2000,2200,2400,7100,7200,7300,
1700,1701,1800,2000,2200,2400,7100,7400,7500,7800,
1700,1701,1800,2000,2200,2400,7100,7400,7500,7800,
1700,2000,2200,2400,7100,7200,7300,
1700,2000,2200,2400,7100,7200,7300,
1700,1701,1800,2000,2200,2400,7100,7400,7500,7800,
1700,1701,1800,2000,2200,2400,7100,7400,7500,7800,
1700,2000,2200,2400,7100,7200,7300,
1700,2000,2200,2400,7100,7200,7300,
1700,1701,1800,2000,2200,2400,7100,7400,7500,7800,
1700,1701,1800,2000,2200,2400,7100,7400,7500,7800,
1700,2000,2200,2400,7100,7200,7300,
1700,2000,2200,2400,7100,7200,7300,
1700,1701,1800,2000,2200,2400,7100,7400,7500,7800,
1700,1701,1800,2000,2200,2400,7100,7400,7500,7800,
1700,2000,2200,2400,7100,7200,7300,
1700,2000,2200,2400,7100,7200,7300,

300,3300,3301,3500,3501,6200,6300,8100,8700,8701,9000,9001,9100,9200,9300,9500,9900,10800,11000,11200,
0,100,1000,1001,1100,1200,1700,1701,1702,1703,1704,1705,1706,1707,1900,2000,2001,2002,2003,2004,2005,2006,2100,2101,2102,2103,2104,2105,2200,2300,3900,3901,4000,6100,6101,6400,6401,6500,6501,6502,6503,7100,7400,7600,8300,8301,11400,
1700,1701,1702,1703,1704,1705,1706,2000,2001,2002,2003,2004,2005,2006,2100,2101,2102,2103,2104,2105,2200,2300,7100,7200,7300,
1700,2000,2200,2300,4200,4400,4700,7100,7200,7300,
1700,2000,2200,2300,4200,4400,4700,7100,7200,7300,
0,100,1700,1701,1900,2000,2200,2300,3600,3601,3700,3800,4200,4400,4700,7100,7400,7600,7700,8300,8301,11400,
0,100,1700,1701,1900,2000,2200,2300,3600,3601,3700,3800,4200,4400,4700,7100,7400,7600,7700,8300,8301,11400,
1700,2000,2200,2300,7100,7200,7300,
1700,2000,2200,2300,7100,7200,7300,
0,100,1700,1701,1900,2000,2200,2300,5800,5801,5900,6000,7100,7400,7600,7700,8300,8301,11400,
0,100,1700,1701,1900,2000,2200,2300,5800,5801,5900,6000,7100,7400,7600,7700,8300,8301,11400,
1700,2000,2200,2300,7100,7200,7300,
1700,2000,2200,2300,7100,7200,7300,
0,100,1000,1001,1100,1200,1700,1701,1900,2000,2200,2300,7100,7400,7600,7700,8300,8301,11400,
0,100,1000,1001,1100,1200,1700,1701,1900,2000,2200,2300,4000,7100,7400,7600,7700,8300,8301,11400,
1700,2000,2200,2300,7100,7200,7300,
1700,2000,2200,2300,7100,7200,7300,
0,100,1700,1701,1900,2000,2200,2300,5200,5201,5300,5400,7100,7400,7600,7700,8300,8301,11400,
0,100,1700,1701,1900,2000,2200,2300,5200,5201,5300,5400,7100,7400,7600,7700,8300,8301,11400,
1700,2000,2200,2300,7100,7200,7300,
1700,2000,2200,2300,7100,7200,7300,
0,100,1700,1701,1900,2000,2200,2300,3000,3001,3100,3200,7100,7400,7600,7700,8300,8301,11400,
0,100,1700,1701,1900,2000,2200,2300,3000,3001,3100,3200,7100,7400,7600,7700,8300,8301,11400,
1700,2000,2200,2300,7100,7200,7300,
1700,2000,2200,2300,7100,7200,7300,
0,100,1000,1001,1100,1200,1700,1701,1900,2000,2200,2300,7100,7400,7600,7700,8300,8301,11400,
0,100,1000,1001,1100,1200,1700,1701,1900,2000,2200,2300,4000,7100,7400,7600,7700,8300,8301,11400,
300,1400,5500,5501,5700,5701,6200,6300,8100,8700,8701,9000,9001,9100,9200,9300,9500,9800,10800,11000,11200,
300,400,401,700,701,800,900,1300,1400,6200,6300,8000,8100,8700,8701,9000,9001,9100,9200,9300,9500,10000,10800,10900,11000,11100,11200,
0,200,400,401,500,600,1500,2500,2501,2502,2503,2504,2505,2600,4100,4101,7900,8400,8600,8700,8701,8800,8900,9400,11500,11700,
2500,2501,2502,2503,2504,2505,2600,8400,8500,11500,11600,
0,200,1500,2600,3300,3301,3400,3401,4500,4600,8400,8600,8700,8701,8800,8900,9400,11900,
2600,4500,4600,8400,8500,11900,
0,200,1500,2600,5500,5501,5600,5601,8400,8600,8700,8701,8800,8900,9400,12100,
2600,8400,8500,12100,
0,200,400,401,500,600,1500,2600,7900,8400,8600,8700,8701,8800,8900,9400,11500,11700,
2600,8400,8500,11500,11600,
0,200,1500,2600,4900,4901,5000,5001,8400,8600,8700,8701,8800,8900,9400,12000,
2600,8400,8500,12000,
0,200,1500,2600,2700,2701,2800,2801,8400,8600,8700,8701,8800,8900,9400,11800,
2600,8400,8500,11800,
0,200,400,401,500,600,1500,2600,7900,8400,8600,8700,8701,8800,8900,9400,11500,11700,
2600,8400,8500,11500,11600,
300,1400,4900,4901,5100,5101,6200,6300,8100,8700,8701,9000,9001,9100,9200,9300,9500,9700,10800,11000,11200,

300,1400,2700,2701,2900,2901,6200,6300,8100,8700,8701,9000,9001,9100,9200,9300,9500,9600,10800,11000,11200,
1600,1601,

300,400,401,700,701,800,900,1300,1400,6200,6300,8000,8100,8700,8701,9000,9001,9100,9200,9300,9500,10000,10800,10900,11000,11100,11200,
7100,7200,
