





105,

105,

70,







66,






70,101,




104,

104,
66,102,
103,

68,69,106,
68,69,107,
68,69,106,
68,69,107,
70,









66,


68,
68,
68,
68,
70,













66,





70,101,





66,102,
103,




70,





66,














48,

48,








113,

113,






80,
81,


93,100,

4,7,8,87,90,91,

3,
4,7,9,87,90,92,


95,

14,
112,
62,108,109,
63,110,111,


78,
71,74,75,
17,20,22,24,







17,18,


47,
42,43,

78,
71,74,75,
17,20,22,24,







17,18,


47,
42,43,


71,72,73,
17,20,22,24,







47,
42,43,


71,72,73,
17,20,22,24,







47,
42,43,

78,
71,74,75,
17,20,22,24,







17,18,



78,
71,74,75,
17,20,22,24,







17,18,




71,72,73,
17,20,22,24,









71,72,73,
17,20,22,24,








78,
71,74,75,
17,20,22,24,







17,18,



78,
71,74,75,
17,20,22,24,







17,18,




71,72,73,
17,20,22,24,









71,72,73,
17,20,22,24,








78,
71,74,75,
17,20,22,24,







17,18,



78,
71,74,75,
17,20,22,24,







17,18,




71,72,73,
17,20,22,24,









71,72,73,
17,20,22,24,








78,
71,74,75,
17,20,22,24,







17,18,



78,
71,74,75,
17,20,22,24,







17,18,




71,72,73,
17,20,22,24,









71,72,73,
17,20,22,24,








78,
71,74,75,
17,20,22,24,







17,18,



78,
71,74,75,
17,20,22,24,







17,18,




71,72,73,
17,20,22,24,









71,72,73,
17,20,22,24,












81,

93,




33,35,87,90,91,

3,
33,35,87,90,92,




95,

112,
62,108,
63,110,













71,74,76,
17,20,22,23,






10,12,83,

40,
0,1,
10,11,83,
17,19,







65,


17,20,21,



65,

39,
17,20,21,



65,


17,20,21,



65,


17,20,21,
64,


61,

39,
17,20,21,
64,


61,


17,20,21,


71,72,73,
17,20,22,23,














17,20,21,



17,20,21,



17,20,21,



17,20,21,



17,20,21,



17,20,21,
71,72,73,
17,20,22,23,









47,
42,44,

71,72,73,
17,20,22,23,









47,
42,44,



71,74,76,77,
17,20,22,23,






36,38,83,


0,1,
36,37,83,
17,19,


47,
42,44,



71,74,76,77,
17,20,22,23,






36,38,83,


0,1,
36,37,83,
17,19,


47,
42,44,

71,72,73,
17,20,22,23,










71,72,73,
17,20,22,23,












71,74,76,77,
17,20,22,23,






58,60,83,


0,1,
58,59,83,
17,19,





71,74,76,77,
17,20,22,23,






58,60,83,


0,1,
58,59,83,
17,19,



71,72,73,
17,20,22,23,










71,72,73,
17,20,22,23,












71,74,76,77,
17,20,22,23,






10,12,83,


0,1,
10,11,83,
17,19,





71,74,76,77,
17,20,22,23,






10,12,83,

40,
0,1,
10,11,83,
17,19,



71,72,73,
17,20,22,23,










71,72,73,
17,20,22,23,












71,74,76,77,
17,20,22,23,






52,54,83,


0,1,
52,53,83,
17,19,





71,74,76,77,
17,20,22,23,






52,54,83,


0,1,
52,53,83,
17,19,



71,72,73,
17,20,22,23,










71,72,73,
17,20,22,23,












71,74,76,77,
17,20,22,23,






30,32,83,


0,1,
30,31,83,
17,19,





71,74,76,77,
17,20,22,23,






30,32,83,


0,1,
30,31,83,
17,19,



71,72,73,
17,20,22,23,










71,72,73,
17,20,22,23,












71,74,76,77,
17,20,22,23,






10,12,83,


0,1,
10,11,83,
17,19,





71,74,76,77,
17,20,22,23,






10,12,83,

40,
0,1,
10,11,83,
17,19,




81,

93,

55,57,87,90,91,

3,
55,57,87,90,92,


95,

14,
112,
62,108,
63,110,
80,
81,

93,100,

4,7,8,87,90,91,

3,
4,7,9,87,90,92,


95,

14,
112,
62,108,109,
63,110,111,

79,94,
84,86,115,117,
26,





4,6,87,89,




4,5,87,88,
0,2,
15,






25,



41,
25,




25,




25,



41,
25,




25,


84,85,115,116,
26,












25,


25,


25,


25,


25,


25,

94,
84,86,119,
26,





33,34,87,89,




33,34,87,88,
0,2,
15,
45,
46,



84,85,119,
26,








45,
46,


94,
84,86,121,
26,





55,56,87,89,




55,56,87,88,
0,2,
15,



84,85,121,
26,










79,94,
84,86,115,117,
26,





4,6,87,89,




4,5,87,88,
0,2,
15,



84,85,115,116,
26,










94,
84,86,120,
26,





49,50,87,89,




49,50,87,88,
0,2,
15,



84,85,120,
26,










94,
84,86,118,
26,





27,28,87,89,




27,28,87,88,
0,2,
15,



84,85,118,
26,










79,94,
84,86,115,117,
26,





4,6,87,89,




4,5,87,88,
0,2,
15,



84,85,115,116,
26,










81,

93,

49,51,87,90,91,

3,
49,51,87,90,92,


95,

14,
112,
62,108,
63,110,


81,

93,

27,29,87,90,91,

3,
27,29,87,90,92,


95,

14,
112,
62,108,
63,110,




16,
16,

80,
81,

93,100,

4,7,8,87,90,91,

3,
4,7,9,87,90,92,


95,

14,
112,
62,108,109,
63,110,111,


71,72,













