66,66,66,66,66,66,68,68,68,68,68,68,68,68,69,69,69,69,70,70,70,70,70,70,82,82,101,101,102,102,103,103,104,104,105,105,106,106,107,107,
48,48,113,113,


3,4,4,7,7,8,9,13,14,62,63,67,67,80,81,87,87,90,90,91,92,93,95,96,97,98,99,100,108,109,110,111,112,
17,17,18,20,22,24,42,43,47,71,74,75,78,
17,17,18,20,22,24,42,43,47,71,74,75,78,
17,20,22,24,42,43,47,71,72,73,
17,20,22,24,42,43,47,71,72,73,
17,17,18,20,22,24,71,74,75,78,
17,17,18,20,22,24,71,74,75,78,
17,20,22,24,71,72,73,
17,20,22,24,71,72,73,
17,17,18,20,22,24,71,74,75,78,
17,17,18,20,22,24,71,74,75,78,
17,20,22,24,71,72,73,
17,20,22,24,71,72,73,
17,17,18,20,22,24,71,74,75,78,
17,17,18,20,22,24,71,74,75,78,
17,20,22,24,71,72,73,
17,20,22,24,71,72,73,
17,17,18,20,22,24,71,74,75,78,
17,17,18,20,22,24,71,74,75,78,
17,20,22,24,71,72,73,
17,20,22,24,71,72,73,
17,17,18,20,22,24,71,74,75,78,
17,17,18,20,22,24,71,74,75,78,
17,20,22,24,71,72,73,
17,20,22,24,71,72,73,

3,33,33,35,35,62,63,81,87,87,90,90,91,92,93,95,99,108,110,112,
0,1,10,10,11,12,17,17,17,17,17,17,17,17,19,20,20,20,20,20,20,20,21,21,21,21,21,21,22,23,39,39,40,61,61,64,64,65,65,65,65,71,74,76,83,83,114,
17,17,17,17,17,17,17,20,20,20,20,20,20,20,21,21,21,21,21,21,22,23,71,72,73,
17,20,22,23,42,44,47,71,72,73,
17,20,22,23,42,44,47,71,72,73,
0,1,17,17,19,20,22,23,36,36,37,38,42,44,47,71,74,76,77,83,83,114,
0,1,17,17,19,20,22,23,36,36,37,38,42,44,47,71,74,76,77,83,83,114,
17,20,22,23,71,72,73,
17,20,22,23,71,72,73,
0,1,17,17,19,20,22,23,58,58,59,60,71,74,76,77,83,83,114,
0,1,17,17,19,20,22,23,58,58,59,60,71,74,76,77,83,83,114,
17,20,22,23,71,72,73,
17,20,22,23,71,72,73,
0,1,10,10,11,12,17,17,19,20,22,23,71,74,76,77,83,83,114,
0,1,10,10,11,12,17,17,19,20,22,23,40,71,74,76,77,83,83,114,
17,20,22,23,71,72,73,
17,20,22,23,71,72,73,
0,1,17,17,19,20,22,23,52,52,53,54,71,74,76,77,83,83,114,
0,1,17,17,19,20,22,23,52,52,53,54,71,74,76,77,83,83,114,
17,20,22,23,71,72,73,
17,20,22,23,71,72,73,
0,1,17,17,19,20,22,23,30,30,31,32,71,74,76,77,83,83,114,
0,1,17,17,19,20,22,23,30,30,31,32,71,74,76,77,83,83,114,
17,20,22,23,71,72,73,
17,20,22,23,71,72,73,
0,1,10,10,11,12,17,17,19,20,22,23,71,74,76,77,83,83,114,
0,1,10,10,11,12,17,17,19,20,22,23,40,71,74,76,77,83,83,114,
3,14,55,55,57,57,62,63,81,87,87,90,90,91,92,93,95,98,108,110,112,
3,4,4,7,7,8,9,13,14,62,63,80,81,87,87,90,90,91,92,93,95,100,108,109,110,111,112,
0,2,4,4,5,6,15,25,25,25,25,25,25,26,41,41,79,84,86,87,87,88,89,94,115,117,
25,25,25,25,25,25,26,84,85,115,116,
0,2,15,26,33,33,34,34,45,46,84,86,87,87,88,89,94,119,
26,45,46,84,85,119,
0,2,15,26,55,55,56,56,84,86,87,87,88,89,94,121,
26,84,85,121,
0,2,4,4,5,6,15,26,79,84,86,87,87,88,89,94,115,117,
26,84,85,115,116,
0,2,15,26,49,49,50,50,84,86,87,87,88,89,94,120,
26,84,85,120,
0,2,15,26,27,27,28,28,84,86,87,87,88,89,94,118,
26,84,85,118,
0,2,4,4,5,6,15,26,79,84,86,87,87,88,89,94,115,117,
26,84,85,115,116,
3,14,49,49,51,51,62,63,81,87,87,90,90,91,92,93,95,97,108,110,112,

3,14,27,27,29,29,62,63,81,87,87,90,90,91,92,93,95,96,108,110,112,
16,16,

3,4,4,7,7,8,9,13,14,62,63,80,81,87,87,90,90,91,92,93,95,100,108,109,110,111,112,
71,72,
