





10500,

10500,

7000,







6600,






7000,10100,




10400,

10400,
6600,10200,
10300,

6800,6900,10600,
6800,6900,10700,
6800,6900,10600,
6800,6900,10700,
7000,









6600,


6800,
6800,
6800,
6800,
7000,













6600,





7000,10100,





6600,10200,
10300,




7000,





6600,














4800,

4800,








11300,

11300,






8000,
8100,


9300,10000,

400,700,800,8700,9000,9100,

300,
400,700,900,8700,9000,9200,


9500,

1400,
11200,
6200,10800,10900,
6300,11000,11100,


7800,
7100,7400,7500,
1700,2000,2200,2400,







1700,1800,


4700,
4200,4300,

7800,
7100,7400,7500,
1700,2000,2200,2400,







1700,1800,


4700,
4200,4300,


7100,7200,7300,
1700,2000,2200,2400,







4700,
4200,4300,


7100,7200,7300,
1700,2000,2200,2400,







4700,
4200,4300,

7800,
7100,7400,7500,
1700,2000,2200,2400,







1700,1800,



7800,
7100,7400,7500,
1700,2000,2200,2400,







1700,1800,




7100,7200,7300,
1700,2000,2200,2400,









7100,7200,7300,
1700,2000,2200,2400,








7800,
7100,7400,7500,
1700,2000,2200,2400,







1700,1800,



7800,
7100,7400,7500,
1700,2000,2200,2400,







1700,1800,




7100,7200,7300,
1700,2000,2200,2400,









7100,7200,7300,
1700,2000,2200,2400,








7800,
7100,7400,7500,
1700,2000,2200,2400,







1700,1800,



7800,
7100,7400,7500,
1700,2000,2200,2400,







1700,1800,




7100,7200,7300,
1700,2000,2200,2400,









7100,7200,7300,
1700,2000,2200,2400,








7800,
7100,7400,7500,
1700,2000,2200,2400,







1700,1800,



7800,
7100,7400,7500,
1700,2000,2200,2400,







1700,1800,




7100,7200,7300,
1700,2000,2200,2400,









7100,7200,7300,
1700,2000,2200,2400,








7800,
7100,7400,7500,
1700,2000,2200,2400,







1700,1800,



7800,
7100,7400,7500,
1700,2000,2200,2400,







1700,1800,




7100,7200,7300,
1700,2000,2200,2400,









7100,7200,7300,
1700,2000,2200,2400,












8100,

9300,




3300,3500,8700,9000,9100,

300,
3300,3500,8700,9000,9200,




9500,

11200,
6200,10800,
6300,11000,













7100,7400,7600,
1700,2000,2200,2300,






1000,1200,8300,

4000,
0,100,
1000,1100,8300,
1700,1900,







6500,


1700,2000,2100,



6500,

3900,
1700,2000,2100,



6500,


1700,2000,2100,



6500,


1700,2000,2100,
6400,


6100,

3900,
1700,2000,2100,
6400,


6100,


1700,2000,2100,


7100,7200,7300,
1700,2000,2200,2300,














1700,2000,2100,



1700,2000,2100,



1700,2000,2100,



1700,2000,2100,



1700,2000,2100,



1700,2000,2100,
7100,7200,7300,
1700,2000,2200,2300,









4700,
4200,4400,

7100,7200,7300,
1700,2000,2200,2300,









4700,
4200,4400,



7100,7400,7600,7700,
1700,2000,2200,2300,






3600,3800,8300,


0,100,
3600,3700,8300,
1700,1900,


4700,
4200,4400,



7100,7400,7600,7700,
1700,2000,2200,2300,






3600,3800,8300,


0,100,
3600,3700,8300,
1700,1900,


4700,
4200,4400,

7100,7200,7300,
1700,2000,2200,2300,










7100,7200,7300,
1700,2000,2200,2300,












7100,7400,7600,7700,
1700,2000,2200,2300,






5800,6000,8300,


0,100,
5800,5900,8300,
1700,1900,





7100,7400,7600,7700,
1700,2000,2200,2300,






5800,6000,8300,


0,100,
5800,5900,8300,
1700,1900,



7100,7200,7300,
1700,2000,2200,2300,










7100,7200,7300,
1700,2000,2200,2300,












7100,7400,7600,7700,
1700,2000,2200,2300,






1000,1200,8300,


0,100,
1000,1100,8300,
1700,1900,





7100,7400,7600,7700,
1700,2000,2200,2300,






1000,1200,8300,

4000,
0,100,
1000,1100,8300,
1700,1900,



7100,7200,7300,
1700,2000,2200,2300,










7100,7200,7300,
1700,2000,2200,2300,












7100,7400,7600,7700,
1700,2000,2200,2300,






5200,5400,8300,


0,100,
5200,5300,8300,
1700,1900,





7100,7400,7600,7700,
1700,2000,2200,2300,






5200,5400,8300,


0,100,
5200,5300,8300,
1700,1900,



7100,7200,7300,
1700,2000,2200,2300,










7100,7200,7300,
1700,2000,2200,2300,












7100,7400,7600,7700,
1700,2000,2200,2300,






3000,3200,8300,


0,100,
3000,3100,8300,
1700,1900,





7100,7400,7600,7700,
1700,2000,2200,2300,






3000,3200,8300,


0,100,
3000,3100,8300,
1700,1900,



7100,7200,7300,
1700,2000,2200,2300,










7100,7200,7300,
1700,2000,2200,2300,












7100,7400,7600,7700,
1700,2000,2200,2300,






1000,1200,8300,


0,100,
1000,1100,8300,
1700,1900,





7100,7400,7600,7700,
1700,2000,2200,2300,






1000,1200,8300,

4000,
0,100,
1000,1100,8300,
1700,1900,




8100,

9300,

5500,5700,8700,9000,9100,

300,
5500,5700,8700,9000,9200,


9500,

1400,
11200,
6200,10800,
6300,11000,
8000,
8100,

9300,10000,

400,700,800,8700,9000,9100,

300,
400,700,900,8700,9000,9200,


9500,

1400,
11200,
6200,10800,10900,
6300,11000,11100,

7900,9400,
8400,8600,11500,11700,
2600,





400,600,8700,8900,




400,500,8700,8800,
0,200,
1500,






2500,



4100,
2500,




2500,




2500,



4100,
2500,




2500,


8400,8500,11500,11600,
2600,












2500,


2500,


2500,


2500,


2500,


2500,

9400,
8400,8600,11900,
2600,





3300,3400,8700,8900,




3300,3400,8700,8800,
0,200,
1500,
4500,
4600,



8400,8500,11900,
2600,








4500,
4600,


9400,
8400,8600,12100,
2600,





5500,5600,8700,8900,




5500,5600,8700,8800,
0,200,
1500,



8400,8500,12100,
2600,










7900,9400,
8400,8600,11500,11700,
2600,





400,600,8700,8900,




400,500,8700,8800,
0,200,
1500,



8400,8500,11500,11600,
2600,










9400,
8400,8600,12000,
2600,





4900,5000,8700,8900,




4900,5000,8700,8800,
0,200,
1500,



8400,8500,12000,
2600,










9400,
8400,8600,11800,
2600,





2700,2800,8700,8900,




2700,2800,8700,8800,
0,200,
1500,



8400,8500,11800,
2600,










7900,9400,
8400,8600,11500,11700,
2600,





400,600,8700,8900,




400,500,8700,8800,
0,200,
1500,



8400,8500,11500,11600,
2600,










8100,

9300,

4900,5100,8700,9000,9100,

300,
4900,5100,8700,9000,9200,


9500,

1400,
11200,
6200,10800,
6300,11000,


8100,

9300,

2700,2900,8700,9000,9100,

300,
2700,2900,8700,9000,9200,


9500,

1400,
11200,
6200,10800,
6300,11000,




1600,
1600,

8000,
8100,

9300,10000,

400,700,800,8700,9000,9100,

300,
400,700,900,8700,9000,9200,


9500,

1400,
11200,
6200,10800,10900,
6300,11000,11100,


7100,7200,













