10600 6800 6900 (2)
11900 8400 (2)
4500 (2)
10400 (2)
10300 (2)
5600 8700 5500 (2)
10500 (2)
2800 8700 2700 (2)
10700 6800 6900 (2)
11300 (2)
4800 (2)
6000 8300 5800 (2)
3700 8300 3600 (2)
4600 (2)
2900 8700 9000 2700 (2)
3900 (2)
12000 8400 (2)
5300 8300 5200 (2)
5700 8700 9000 5500 (2)
5400 8300 5200 (2)
4100 (2)
3500 8700 9000 3300 (2)
12100 8400 (2)
10200 6600 (2)
5100 8700 9000 4900 (2)
10100 7000 (2)
5900 8300 5800 (2)
11800 8400 (2)
3200 8300 3000 (2)
3800 8300 3600 (2)
6100 (2)
5000 8700 4900 (2)
3100 8300 3000 (2)
6400 (2)
1600 (2)
3400 8700 3300 (2)
10000 9300 (3)
4000 (3)
11700 8400 8600 11500 (3)
8000 (3)
600 8700 400 8900 (3)
800 8700 9000 400 9100 700 (3)
10900 10800 6200 (3)
500 8700 400 8800 (3)
11100 6300 11000 (3)
7900 9400 (3)
11600 8400 8500 11500 (3)
900 8700 9000 400 9200 700 (3)
5800 8300 (4)
4300 4200 (4)
6900 6800 (4)
5200 8300 (4)
3600 8300 (4)
3000 8300 (4)
6500 (4)
2700 8700 (4)
3300 8700 (4)
4400 4200 (4)
4900 8700 (4)
5500 8700 (4)
1200 8300 1000 (5)
1100 8300 1000 (5)
6600 (6)
1400 (6)
11500 8400 (6)
7000 (6)
700 400 8700 9000 (6)
8500 8400 (7)
1500 (7)
8900 8700 (7)
11200 (7)
9200 8700 9000 (7)
300 (7)
9500 (7)
6200 10800 (7)
9400 (7)
8600 8400 (7)
9300 (7)
8800 8700 (7)
11000 6300 (7)
8100 (7)
200 0 (7)
9100 8700 9000 (7)
6800 (8)
4200 (8)
4700 (8)
1000 8300 (10)
2500 (12)
7700 7100 7400 7600 (12)
1800 1700 (12)
7800 (12)
7500 7100 7400 (12)
2100 1700 2000 (12)
400 8700 (12)
7600 7100 7400 (13)
1900 1700 (13)
100 0 (13)
2600 (14)
9000 8700 (14)
8400 (14)
0 (20)
2400 1700 2000 2200 (24)
7300 7100 7200 (25)
7400 7100 (25)
7200 7100 (26)
8300 (26)
2300 1700 2000 2200 (26)
8700 (28)
2200 1700 2000 (50)
7100 (51)
2000 1700 (62)
1700 (87)
