3100 3001 3200 7700 11400 7600 100 1900 8300 8301 0 7400 2300 1701 2000 1700 2200 7100 3000 (2)
4600 2600 8400 11900 4500 (2)
12100 2600 8400 (2)
6000 5801 5900 7700 11400 7600 100 1900 8300 8301 0 7400 2300 1701 2000 1700 2200 7100 5800 (2)
12000 2600 8400 (2)
2700 8701 8700 2701 (2)
3601 100 7600 11400 7700 4700 4200 4400 3700 3800 3600 1900 7100 2200 1700 2000 1701 2300 7400 0 8301 8300 (2)
2105 2001 2002 2003 2004 2006 2100 2101 2102 2103 2005 1704 7100 2200 1700 2000 2104 1701 1705 1706 1702 1703 2300 (2)
9600 6300 11200 9200 6200 11000 10800 9000 9001 300 9500 8100 9300 9100 8700 8701 1400 (2)
4900 8701 8700 4901 (2)
5501 8701 8700 5500 (2)
5300 5200 5400 7700 11400 7600 100 1900 8300 8301 0 7400 2300 1701 2000 1700 2200 7100 5201 (2)
9800 6300 11200 9200 6200 11000 10800 9000 9001 300 9500 8100 9300 9100 8700 8701 1400 (2)
9900 11200 9200 6200 11000 10800 9000 6300 9001 9500 8100 9300 9100 8700 8701 300 (2)
9700 6300 11200 9200 6200 11000 10800 9000 9001 300 9500 8100 9300 9100 8700 8701 1400 (2)
2500 2600 8400 11500 2505 2504 2503 2502 2501 (2)
11800 2600 8400 (2)
3301 8701 8700 3300 (2)
701 6300 1400 401 400 1300 800 10900 8000 900 700 10000 11200 9200 8701 8700 9100 9300 8100 11100 9500 9001 9000 10800 11000 6200 300 (3)
4000 1200 1001 1000 11400 7600 100 1900 1100 8300 7100 2200 1700 8301 2000 2300 7400 0 1701 (3)
4000 7100 2200 1700 2000 1701 2300 7400 0 8301 8300 1900 100 7600 11400 7700 1000 1001 1200 1100 (2)
600 7900 11700 400 401 11500 1500 8900 500 200 8600 8800 8700 8701 8400 2600 0 9400 (3)
11600 2600 8400 8500 11500 (3)
4400 7200 7100 2200 1700 2000 4700 2300 4200 7300 (2)
4400 4200 7100 2200 1700 2000 4700 2300 (4)
4300 7500 7400 7800 1800 2400 1701 4200 2000 1700 2200 7100 4700 (2)
4300 7200 7100 2200 1700 2000 4700 4200 2400 7300 (2)
4300 2400 7100 2200 1700 2000 4700 4200 (4)
1100 1001 1000 11400 7600 100 1900 8300 1200 8301 7400 2300 1701 2000 1700 2200 7100 0 (5)
1100 7100 2200 1700 2000 1701 2300 7400 0 8301 8300 1900 100 7600 11400 7700 1000 1001 1200 (4)
400 401 8701 8700 (6)
1400 11200 9200 6200 11000 10800 9000 6300 9001 9500 8100 9300 9100 8700 8701 300 (6)
11500 8400 2600 (6)
1500 200 9400 8600 8800 8700 8701 8400 2600 0 8900 (7)
6300 9200 6200 11000 10800 9000 9001 300 9500 8100 9300 9100 8700 8701 11200 (7)
8500 2600 8400 (7)
4200 7200 7300 7100 2200 1700 2000 4700 (4)
4200 1701 7400 7100 2200 1700 2000 4700 (4)
4200 4700 7100 2200 1700 2000 (8)
1800 7100 2200 1700 2000 1701 7400 2400 7500 7800 (12)
7700 7600 100 1900 8300 8301 0 7400 2300 1701 2000 1700 2200 7100 11400 (12)
11400 100 1900 8300 8301 0 7600 7400 1701 2000 1700 2200 7100 2300 (13)
8700 8701 (14)
8400 2600 (14)
0 (20)
2400 7300 7100 2200 1700 2000 7200 (12)
2400 2000 7100 2200 1700 (24)
7300 7100 2200 1700 2000 7200 (25)
7300 7100 2200 1700 2000 7200 2300 (13)
7400 7100 2200 1700 2000 1701 (25)
2300 1701 7100 2200 1700 2000 (14)
2300 2000 7100 2200 1700 (26)
1701 7100 2200 1700 2000 (26)
7200 7100 (26)
2000 7100 2200 1700 (50)
