0 2
87,87,87,87,87,87,97,99,

59
1031,1036,1041,1046,1051,1056,
1011,
1010,

60
1073,1076,1079,1082,1085,1088,
1060,
1059,
***********************************************
1 2
109,111,111,111,111,111,111,111,

31
495,
496,508,519,526,533,540,547,554,

32
557,
558,573,577,581,585,589,593,
***********************************************
2 2
2,13,97,99,

61
1106,
1107,
1092,
1091,

62
1121,
1122,
1112,
1111,
***********************************************
3 3
39,63,70,72,73,74,77,79,80,107,107,

4
130,
144,
145,
138,
142,
146,
134,
147,
131,
136,139,

58
991,
1004,
1005,
998,
1002,
1006,
994,
1007,
992,
996,999,

78
1321,
1334,
1335,
1328,
1332,
1336,
1324,
1337,
1322,
1326,1329,
***********************************************
4 3
37,100,105,105,109,111,111,

31
505,
506,
503,507,
495,
496,508,519,526,533,540,547,554,

44
781,
782,
779,783,
771,
772,784,

56
967,
968,
965,969,
957,
958,970,
***********************************************
5 6
63,70,72,73,74,77,79,80,107,107,

4
144,
145,
138,
142,
146,
134,
147,
131,
136,139,

57
987,
988,
981,
985,
989,
977,
990,
975,
979,982,

58
1004,
1005,
998,
1002,
1006,
994,
1007,
992,
996,999,

73
1292,
1293,
1286,
1290,
1294,
1282,
1295,
1280,
1284,1287,

75
1310,
1311,
1304,
1308,
1312,
1300,
1313,
1298,
1302,1305,

78
1334,
1335,
1328,
1332,
1336,
1324,
1337,
1322,
1326,1329,
***********************************************
6 7
68,75,97,99,100,107,107,

59
1024,
1009,
1011,
1010,
1023,
1017,1022,

61
1105,
1090,
1092,
1091,
1104,
1098,1103,

63
1140,
1125,
1127,
1126,
1139,
1133,1138,

65
1171,
1156,
1158,
1157,
1170,
1164,1169,

67
1202,
1187,
1189,
1188,
1201,
1195,1200,

69
1233,
1218,
1220,
1219,
1232,
1226,1231,

71
1264,
1249,
1251,
1250,
1263,
1257,1262,
***********************************************
7 7
70,72,73,74,77,79,80,107,107,

4
145,
138,
142,
146,
134,
147,
131,
136,139,

30
479,
471,
477,
480,
464,
481,
462,
469,472,

57
988,
981,
985,
989,
977,
990,
975,
979,982,

58
1005,
998,
1002,
1006,
994,
1007,
992,
996,999,

73
1293,
1286,
1290,
1294,
1282,
1295,
1280,
1284,1287,

75
1311,
1304,
1308,
1312,
1300,
1313,
1298,
1302,1305,

78
1335,
1328,
1332,
1336,
1324,
1337,
1322,
1326,1329,
***********************************************
8 2
84,85,90,109,111,111,

5
164,
163,
150,
151,
152,160,

6
180,
179,
166,
167,
168,176,
***********************************************
9 2
84,85,100,105,105,109,111,111,

35
641,
640,
635,
632,636,
624,
625,637,

36
662,
661,
656,
653,657,
645,
646,658,
***********************************************
10 4
84,85,109,111,111,

5
164,
163,
151,
152,160,

6
180,
179,
167,
168,176,

35
641,
640,
624,
625,637,

36
662,
661,
645,
646,658,
***********************************************
11 8
84,85,109,111,

5
164,
163,
151,
152,160,

6
180,
179,
167,
168,176,

7
193,
192,
183,
184,

8
206,
205,
196,
197,

33
606,
605,
594,
595,

34
620,
619,
608,
609,

35
641,
640,
624,
625,637,

36
662,
661,
645,
646,658,
***********************************************
12 12
90,109,111,111,

5
150,
151,
152,160,

6
166,
167,
168,176,

9
208,
209,
210,218,

10
222,
223,
224,232,

13
258,
259,
260,268,

14
272,
273,
274,282,

17
308,
309,
310,318,

18
322,
323,
324,332,

21
358,
359,
360,368,

22
372,
373,
374,382,

25
408,
409,
410,418,

26
422,
423,
424,432,
***********************************************
13 13
100,105,105,109,111,111,

31
506,
503,507,
495,
496,508,519,526,533,540,547,554,

35
635,
632,636,
624,
625,637,

36
656,
653,657,
645,
646,658,

39
701,
698,702,
690,
691,703,

40
720,
717,721,
709,
710,722,

43
763,
760,764,
752,
753,765,

44
782,
779,783,
771,
772,784,

47
825,
822,826,
814,
815,827,

48
844,
841,845,
833,
834,846,

51
887,
884,888,
876,
877,889,

52
906,
903,907,
895,
896,908,

55
949,
946,950,
938,
939,951,

56
968,
965,969,
957,
958,970,
***********************************************
14 14
97,99,

59
1011,
1010,

60
1060,
1059,

61
1092,
1091,

62
1112,
1111,

63
1127,
1126,

64
1145,
1144,

65
1158,
1157,

66
1176,
1175,

67
1189,
1188,

68
1207,
1206,

69
1220,
1219,

70
1238,
1237,

71
1251,
1250,

72
1269,
1268,
***********************************************
15 14
107,107,

4
136,139,

30
469,472,

57
979,982,

58
996,999,

59
1017,1022,

61
1098,1103,

63
1133,1138,

65
1164,1169,

67
1195,1200,

69
1226,1231,

71
1257,1262,

73
1284,1287,

75
1302,1305,

78
1326,1329,
***********************************************
16 26
109,111,111,

5
151,
152,160,

6
167,
168,176,

9
209,
210,218,

10
223,
224,232,

13
259,
260,268,

14
273,
274,282,

17
309,
310,318,

18
323,
324,332,

21
359,
360,368,

22
373,
374,382,

25
409,
410,418,

26
423,
424,432,

31
495,
496,508,519,526,533,540,547,554,

32
557,
558,573,577,581,585,589,593,

35
624,
625,637,

36
645,
646,658,

39
690,
691,703,

40
709,
710,722,

43
752,
753,765,

44
771,
772,784,

47
814,
815,827,

48
833,
834,846,

51
876,
877,889,

52
895,
896,908,

55
938,
939,951,

56
957,
958,970,
***********************************************
