8705 9700 9900 8702 8703 8701 8700 8704 (2)
11104 10900 11100 11101 11102 11103 11105 11106 (2)
1300 9700 9900 200 (2)
3900 7000 7700 7900 7300 7200 8000 7400 10700 10701 6300 (3)
3700 10900 11100 11101 10000 10501 10500 (3)
6300 10701 10700 7400 8000 7200 7300 7900 7700 7000 (6)
6800 10000 10701 9700 10700 9900 7500 (7)
7000 10701 10700 7400 8000 7200 7300 7900 7700 (7)
8500 9000 10900 11100 8400 11101 (2)
8500 10500 10900 11100 8400 11101 10000 10501 (2)
8500 11101 10900 11100 8400 (4)
8500 8400 10900 11100 (8)
9000 10900 11100 11101 (12)
10500 10900 11100 11101 10000 10501 (13)
9900 9700 (14)
10700 10701 (14)
11101 10900 11100 (26)
