0;2
0,1,17,17,19,20,22,23,30,30,31,32,71,74,76,77,83,83,114,
51;757,71.1466
52;757,71.4151

3;2
0,1,17,17,19,20,22,23,58,58,59,60,71,74,76,77,83,83,114,
39;757,70.8801
40;757,71.4151

11;2
0,1,17,17,19,20,22,23,52,52,53,54,71,74,76,77,83,83,114,
47;757,71.1466
48;757,71.4151

28;5
0,1,10,10,11,12,17,17,19,20,22,23,71,74,76,83,83,114,
31;795,21.4459
43;754,70.9981
44;754,71.537
55;754,71.2665
56;754,71.537

34;7
3,62,63,81,87,87,90,90,91,92,93,95,108,110,112,
4;578,46.277
30;578,43.8876
57;578,59.1607
58;578,60.2083
73;578,59.1607
75;578,59.1607
78;578,60.2083

33;7
0,2,15,26,84,86,87,87,88,89,94,
59;433,23.3046
61;433,52.4213
63;433,60.6443
65;433,61.4184
67;433,60.6443
69;433,60.6443
71;433,61.4184

39;12
17,17,18,20,22,24,71,74,75,78,
5;277,36.8351
6;277,36.8351
9;277,52.6616
10;277,52.6616
13;277,53.0651
14;277,53.0651
17;277,52.6616
18;277,52.6616
21;277,52.6616
22;277,52.6616
25;277,53.0651
26;277,53.0651

