0;2
0,1,17,17,19,20,22,23,30,30,31,32,71,74,76,77,83,83,114,
51;757,71.1466
52;757,71.4151

1;2
26,45,46,84,119,
61;178,21.5496
62;178,43.6275

2;2
26,84,121,
63;70,9.80392
64;70,23.6486

3;2
0,1,17,17,19,20,22,23,58,58,59,60,71,74,76,77,83,83,114,
39;757,70.8801
40;757,71.4151

4;2
26,84,120,
67;70,9.80392
68;70,23.6486

5;2
27,27,87,87,
69;74,10.3641
75;74,7.57421

6;2
0,1,17,17,19,20,22,23,36,36,37,38,42,44,47,71,74,76,77,83,83,114,
35;975,75.8165
36;975,76.053

7;2
17,17,17,17,17,17,17,20,20,20,20,20,20,20,21,21,21,21,21,21,22,23,71,
31;1119,30.1861
32;1119,66.0567

8;2
3,14,62,63,81,87,87,90,90,91,92,93,95,96,108,110,112,
4;684,54.7638
75;684,70.0102

9;2
49,49,87,87,
67;74,10.3641
73;74,7.57421

10;2
55,55,87,87,
57;74,7.57421
63;74,10.3641

11;2
0,1,17,17,19,20,22,23,52,52,53,54,71,74,76,77,83,83,114,
47;757,71.1466
48;757,71.4151

12;2
3,14,62,63,81,87,87,90,90,91,92,93,95,98,108,110,112,
4;684,54.7638
57;684,70.0102

13;2
3,62,63,81,87,87,90,90,91,92,93,95,99,108,110,112,
4;609,48.759
30;609,46.2415

14;2
3,14,62,63,81,87,87,90,90,91,92,93,95,97,108,110,112,
4;684,54.7638
73;684,70.0102

15;2
25,25,25,25,25,25,26,84,115,
59;495,26.6416
60;495,52.5478

16;2
26,84,118,
69;70,9.80392
70;70,23.6486

17;2
33,33,87,87,
30;74,5.61883
61;74,8.95884

18;3
3,4,4,7,7,8,9,13,14,62,63,80,81,87,87,90,90,91,92,93,95,100,108,109,110,111,112,
4;754,60.3683
58;754,78.5417
78;754,78.5417

19;3
0,1,10,10,11,12,17,17,19,20,22,23,40,71,74,76,83,83,114,
31;825,22.2552
44;784,74.3833
56;784,74.3833

20;2
0,1,10,10,11,12,17,17,19,20,22,23,40,71,74,76,77,83,83,114,
44;785,74.4782
56;785,74.4782

21;3
0,2,4,4,5,6,15,26,79,84,86,87,87,88,89,94,115,117,
59;444,23.8967
65;444,62.9787
71;444,62.9787

22;3
26,84,85,115,116,
60;74,7.85563
66;74,25.4296
72;74,25.4296

23;2
17,20,22,23,42,44,47,71,72,73,
33;330,61.4525
34;330,61.4525

24;4
17,20,22,23,42,44,47,71,
33;323,60.149
34;323,60.149
35;323,25.1166
36;323,25.195

25;2
17,17,18,20,22,24,42,43,47,71,74,75,78,
5;499,66.3564
6;499,66.3564

26;2
17,20,22,24,42,43,47,71,72,73,
7;336,67.8788
8;336,67.8788

27;4
17,20,22,24,42,43,47,71,
5;329,43.75
6;329,43.75
7;329,66.4646
8;329,66.4646

28;5
0,1,10,10,11,12,17,17,19,20,22,23,71,74,76,83,83,114,
31;795,21.4459
43;754,70.9981
44;754,71.537
55;754,71.2665
56;754,71.537

29;4
0,1,10,10,11,12,17,17,19,20,22,23,71,74,76,77,83,83,114,
43;755,71.0923
44;755,71.6319
55;755,71.3611
56;755,71.6319

30;6
4,4,87,87,
4;72,5.76461
58;72,7.5
59;72,3.87513
65;72,10.2128
71;72,10.2128
78;72,7.5

31;6
3,14,62,63,81,87,87,90,90,91,92,93,95,108,110,112,
4;648,51.8815
57;648,66.3255
58;648,67.5
73;648,66.3255
75;648,66.3255
78;648,67.5

32;6
26,84,115,
59;69,3.71367
60;69,7.32484
65;69,9.78723
66;69,23.7113
71;69,9.78723
72;69,23.7113

33;7
0,2,15,26,84,86,87,87,88,89,94,
59;433,23.3046
61;433,52.4213
63;433,60.6443
65;433,61.4184
67;433,60.6443
69;433,60.6443
71;433,61.4184

34;7
3,62,63,81,87,87,90,90,91,92,93,95,108,110,112,
4;578,46.277
30;578,43.8876
57;578,59.1607
58;578,60.2083
73;578,59.1607
75;578,59.1607
78;578,60.2083

35;7
26,84,85,
60;71,7.53716
62;71,17.402
64;71,23.9865
66;71,24.3986
68;71,23.9865
70;71,23.9865
72;71,24.3986

36;4
17,20,22,42,47,71,72,73,
7;271,54.7475
8;271,54.7475
33;271,50.4655
34;271,50.4655

37;4
17,17,20,22,42,47,71,74,
5;310,41.2234
6;310,41.2234
35;310,24.1058
36;310,24.181

38;8
17,20,22,42,47,71,
5;264,35.1064
6;264,35.1064
7;264,53.3333
8;264,53.3333
33;264,49.162
34;264,49.162
35;264,20.5288
36;264,20.5928

39;12
17,17,18,20,22,24,71,74,75,78,
5;277,36.8351
6;277,36.8351
9;277,52.6616
10;277,52.6616
13;277,53.0651
14;277,53.0651
17;277,52.6616
18;277,52.6616
21;277,52.6616
22;277,52.6616
25;277,53.0651
26;277,53.0651

40;12
0,1,17,17,19,20,22,23,71,74,76,77,83,83,114,
35;511,39.7356
36;511,39.8596
39;511,47.8464
40;511,48.2075
43;511,48.1168
44;511,48.482
47;511,48.0263
48;511,48.2075
51;511,48.0263
52;511,48.2075
55;511,48.2987
56;511,48.482

41;13
0,1,17,17,19,20,22,23,71,74,76,83,83,114,
31;551,14.8638
35;510,39.6579
36;510,39.7816
39;510,47.7528
40;510,48.1132
43;510,48.0226
44;510,48.3871
47;510,47.9323
48;510,48.1132
51;510,47.9323
52;510,48.1132
55;510,48.2042
56;510,48.3871

42;14
87,87,
4;66,5.28423
30;66,5.01139
57;66,6.75537
58;66,6.875
59;66,3.55221
61;66,7.99031
63;66,9.2437
65;66,9.3617
67;66,9.2437
69;66,9.2437
71;66,9.3617
73;66,6.75537
75;66,6.75537
78;66,6.875

43;14
26,84,
59;66,3.55221
60;66,7.00637
61;66,7.99031
62;66,16.1765
63;66,9.2437
64;66,22.2973
65;66,9.3617
66;66,22.6804
67;66,9.2437
68;66,22.2973
69;66,9.2437
70;66,22.2973
71;66,9.3617
72;66,22.6804

44;20
0,
31;39,1.05206
35;39,3.03266
36;39,3.04212
39;39,3.65169
40;39,3.67925
43;39,3.67232
44;39,3.70019
47;39,3.66541
48;39,3.67925
51;39,3.66541
52;39,3.67925
55;39,3.6862
56;39,3.70019
59;39,2.09903
61;39,4.72155
63;39,5.46218
65;39,5.53191
67;39,5.46218
69;39,5.46218
71;39,5.53191

45;12
17,20,22,24,71,72,73,
7;114,23.0303
8;114,23.0303
11;114,42.3792
12;114,42.3792
15;114,42.6966
16;114,42.6966
19;114,42.3792
20;114,42.3792
23;114,42.3792
24;114,42.3792
27;114,42.6966
28;114,42.6966

46;24
17,20,22,24,71,
5;107,14.2287
6;107,14.2287
7;107,21.6162
8;107,21.6162
9;107,20.3422
10;107,20.3422
11;107,39.777
12;107,39.777
13;107,20.4981
14;107,20.4981
15;107,40.0749
16;107,40.0749
17;107,20.3422
18;107,20.3422
19;107,39.777
20;107,39.777
21;107,20.3422
22;107,20.3422
23;107,39.777
24;107,39.777
25;107,20.4981
26;107,20.4981
27;107,40.0749
28;107,40.0749

47;25
17,20,22,71,72,73,
7;86,17.3737
8;86,17.3737
11;86,31.9703
12;86,31.9703
15;86,32.2097
16;86,32.2097
19;86,31.9703
20;86,31.9703
23;86,31.9703
24;86,31.9703
27;86,32.2097
28;86,32.2097
32;86,5.07674
33;86,16.0149
34;86,16.0149
37;86,27.3016
38;86,27.3016
41;86,27.5641
42;86,27.5641
45;86,27.3016
46;86,27.3016
49;86,27.3016
50;86,27.3016
53;86,27.5641
54;86,27.5641

48;13
17,20,22,23,71,72,73,
32;112,6.61157
33;112,20.8566
34;112,20.8566
37;112,35.5556
38;112,35.5556
41;112,35.8974
42;112,35.8974
45;112,35.5556
46;112,35.5556
49;112,35.5556
50;112,35.5556
53;112,35.8974
54;112,35.8974

49;25
17,17,20,22,71,74,
5;125,16.6223
6;125,16.6223
9;125,23.7643
10;125,23.7643
13;125,23.9464
14;125,23.9464
17;125,23.7643
18;125,23.7643
21;125,23.7643
22;125,23.7643
25;125,23.9464
26;125,23.9464
31;125,3.372
35;125,9.72006
36;125,9.75039
39;125,11.7041
40;125,11.7925
43;125,11.7702
44;125,11.8596
47;125,11.7481
48;125,11.7925
51;125,11.7481
52;125,11.7925
55;125,11.8147
56;125,11.8596

50;14
17,17,20,22,23,71,
31;146,3.93849
32;146,8.61865
35;146,11.353
36;146,11.3885
39;146,13.6704
40;146,13.7736
43;146,13.7476
44;146,13.852
47;146,13.7218
48;146,13.7736
51;146,13.7218
52;146,13.7736
55;146,13.7996
56;146,13.852

51;26
17,20,22,23,71,
31;105,2.83248
32;105,6.19835
33;105,19.5531
34;105,19.5531
35;105,8.16485
36;105,8.19033
37;105,33.3333
38;105,33.3333
39;105,9.83146
40;105,9.90566
41;105,33.6538
42;105,33.6538
43;105,9.88701
44;105,9.96205
45;105,33.3333
46;105,33.3333
47;105,9.86842
48;105,9.90566
49;105,33.3333
50;105,33.3333
51;105,9.86842
52;105,9.90566
53;105,33.6538
54;105,33.6538
55;105,9.92439
56;105,9.96205

52;26
17,17,20,22,71,
5;120,15.9574
6;120,15.9574
9;120,22.8137
10;120,22.8137
13;120,22.9885
14;120,22.9885
17;120,22.8137
18;120,22.8137
21;120,22.8137
22;120,22.8137
25;120,22.9885
26;120,22.9885
31;120,3.23712
32;120,7.08383
35;120,9.33126
36;120,9.36037
39;120,11.236
40;120,11.3208
43;120,11.2994
44;120,11.3852
47;120,11.2782
48;120,11.3208
51;120,11.2782
52;120,11.3208
55;120,11.3422
56;120,11.3852

53;26
71,72,
7;31,6.26263
8;31,6.26263
11;31,11.5242
12;31,11.5242
15;31,11.6105
16;31,11.6105
19;31,11.5242
20;31,11.5242
23;31,11.5242
24;31,11.5242
27;31,11.6105
28;31,11.6105
32;31,1.82999
33;31,5.77281
34;31,5.77281
37;31,9.84127
38;31,9.84127
41;31,9.9359
42;31,9.9359
45;31,9.84127
46;31,9.84127
49;31,9.84127
50;31,9.84127
53;31,9.9359
54;31,9.9359
79;31,7.04545

54;50
17,20,22,71,
5;79,10.5053
6;79,10.5053
7;79,15.9596
8;79,15.9596
9;79,15.019
10;79,15.019
11;79,29.368
12;79,29.368
13;79,15.1341
14;79,15.1341
15;79,29.588
16;79,29.588
17;79,15.019
18;79,15.019
19;79,29.368
20;79,29.368
21;79,15.019
22;79,15.019
23;79,29.368
24;79,29.368
25;79,15.1341
26;79,15.1341
27;79,29.588
28;79,29.588
31;79,2.1311
32;79,4.66352
33;79,14.7114
34;79,14.7114
35;79,6.14308
36;79,6.16225
37;79,25.0794
38;79,25.0794
39;79,7.397
40;79,7.45283
41;79,25.3205
42;79,25.3205
43;79,7.43879
44;79,7.49526
45;79,25.0794
46;79,25.0794
47;79,7.42481
48;79,7.45283
49;79,25.0794
50;79,25.0794
51;79,7.42481
52;79,7.45283
53;79,25.3205
54;79,25.3205
55;79,7.46692
56;79,7.49526

