(2)66,66,66,68,68,68,68,69,69,70,70,70,82,101,102,103,104,105,106,107,(3)66,66,68,68,69,70,70,(4)66,68,68,69,70,(6)66,68,70,(8)68,
(2)48,113,


(2)4,7,67,87,90,
(2)17,
(2)17,


(2)17,
(2)17,


(2)17,
(2)17,


(2)17,
(2)17,


(2)17,
(2)17,


(2)17,
(2)17,



(2)33,35,87,90,
(2)10,17,17,17,17,20,20,20,21,21,21,39,61,64,65,65,83,(3)17,17,20,20,21,21,65,(4)17,17,20,21,65,(6)17,20,21,(7)17,20,(8)17,
(2)17,17,17,20,20,20,21,21,21,(3)17,17,20,20,21,21,(6)17,20,21,(7)17,20,


(2)17,36,83,
(2)17,36,83,


(2)17,58,83,
(2)17,58,83,


(2)10,17,83,
(2)10,17,83,


(2)17,52,83,
(2)17,52,83,


(2)17,30,83,
(2)17,30,83,


(2)10,17,83,
(2)10,17,83,
(2)55,57,87,90,
(2)4,7,87,90,
(2)4,25,25,25,41,87,(3)25,25,(6)25,
(2)25,25,25,(3)25,25,(6)25,
(2)33,34,87,

(2)55,56,87,

(2)4,87,

(2)49,50,87,

(2)27,28,87,

(2)4,87,

(2)49,51,87,90,

(2)27,29,87,90,
(2)16,

(2)4,7,87,90,

