2;2
45,
1106;40,100
1121;40,100

3;2
104,
30;33,100
32;33,100

4;2
103,
34;33,100
84;33,100

6;2
105,
6;30,100
8;30,100

9;2
113,
121;33,100
123;33,100

10;2
48,
110;38,84.4444
112;38,69.0909

13;2
46,
1107;68,100
1122;68,100

15;2
39,
525;32,100
546;32,100

20;2
41,
1035;32,100
1050;32,100

30;2
61,
544;40,71.4286
551;40,70.1754

33;2
64,
541;30,69.7674
548;30,68.1818

34;2
16,
1318;44,81.4815
1319;44,88

37;3
40,
505;30,100
781;30,100
967;30,100

39;3
80,
130;42,100
991;42,100
1321;42,100

54;4
65,
516;39,69.6429
523;39,72.2222
530;39,69.6429
537;39,69.6429

62;6
66,
18;30,73.1707
33;30,75
50;30,73.1707
71;30,73.1707
83;30,75
95;30,73.1707

63;6
14,
144;70,100
987;70,100
1004;70,100
1292;70,100
1310;70,100
1334;70,100

65;6
70,
10;32,94.1176
25;32,96.9697
40;32,94.1176
57;32,94.1176
77;32,96.9697
89;32,94.1176

68;7
15,
1024;50,100
1105;50,100
1140;50,100
1171;50,100
1202;50,100
1233;50,100
1264;50,100

70;7
112,
145;53,100
479;53,100
988;53,100
1005;53,100
1293;53,100
1311;53,100
1335;53,100

72;7
3,
138;63,100
471;63,100
981;63,100
998;63,100
1286;63,100
1304;63,100
1328;63,100

73;7
95,
142;30,100
477;30,96.7742
985;30,96.7742
1002;30,100
1290;30,96.7742
1308;30,96.7742
1332;30,100

74;7
62,108,
146;124,94.6565
480;124,93.2331
989;124,93.2331
1006;124,94.6565
1294;124,93.2331
1312;124,93.2331
1336;124,94.6565

75;7
94,
1009;30,93.75
1090;30,90.9091
1125;30,90.9091
1156;30,93.75
1187;30,90.9091
1218;30,90.9091
1249;30,93.75

77;7
93,
134;37,90.2439
464;37,88.0952
977;37,88.0952
994;37,90.2439
1282;37,88.0952
1300;37,88.0952
1324;37,90.2439

79;7
63,110,
147;107,93.8596
481;107,92.2414
990;107,92.2414
1007;107,93.8596
1295;107,92.2414
1313;107,92.2414
1337;107,93.8596

80;7
81,
131;31,100
462;31,100
975;31,100
992;31,100
1280;31,100
1298;31,100
1322;31,100

83;8
68,
36;33,75
37;33,80.4878
38;33,75
39;33,80.4878
53;33,45.8333
54;33,47.8261
55;33,45.8333
56;33,47.8261

84;8
42,
164;85,69.6721
180;85,69.6721
193;85,69.6721
206;85,69.6721
606;85,72.0339
620;85,72.0339
641;85,72.0339
662;85,72.0339

85;8
47,
163;100,100
179;100,100
192;100,100
205;100,100
605;100,100
619;100,100
640;100,100
661;100,100

87;12
25,
1031;71,100
1036;71,100
1041;71,100
1046;71,100
1051;71,100
1056;71,100
1073;71,100
1076;71,100
1079;71,100
1082;71,100
1085;71,100
1088;71,100

90;12
78,
150;61,100
166;61,100
208;61,100
222;61,100
258;61,100
272;61,100
308;61,100
322;61,100
358;61,100
372;61,100
408;61,100
422;61,100

97;14
26,
1011;31,100
1060;31,100
1092;31,100
1112;31,100
1127;31,100
1145;31,100
1158;31,100
1176;31,100
1189;31,100
1207;31,100
1220;31,100
1238;31,100
1251;31,100
1269;31,100

99;14
84,
1010;35,89.7436
1059;35,81.3953
1091;35,87.5
1111;35,79.5455
1126;35,87.5
1144;35,79.5455
1157;35,89.7436
1175;35,81.3953
1188;35,87.5
1206;35,79.5455
1219;35,87.5
1237;35,79.5455
1250;35,89.7436
1268;35,81.3953

100;20
0,
506;39,17.5676
635;39,17.5676
656;39,17.5676
701;39,17.5676
720;39,17.5676
763;39,17.5676
782;39,17.5676
825;39,17.5676
844;39,17.5676
887;39,17.5676
906;39,17.5676
949;39,17.5676
968;39,17.5676
1023;39,24.6835
1104;39,24.6835
1139;39,24.6835
1170;39,24.6835
1201;39,24.6835
1232;39,24.6835
1263;39,24.6835

105;26
83,
503;30,19.7368
507;30,19.7368
632;30,19.6078
636;30,19.6078
653;30,19.6078
657;30,19.6078
698;30,19.6078
702;30,19.6078
717;30,19.6078
721;30,19.6078
760;30,19.7368
764;30,19.7368
779;30,19.7368
783;30,19.7368
822;30,19.6078
826;30,19.6078
841;30,19.6078
845;30,19.6078
884;30,19.6078
888;30,19.6078
903;30,19.6078
907;30,19.6078
946;30,19.7368
950;30,19.7368
965;30,19.7368
969;30,19.7368

107;28
87,
136;33,47.1429
139;33,47.8261
469;33,46.4789
472;33,47.1429
979;33,46.4789
982;33,47.1429
996;33,47.1429
999;33,47.8261
1017;33,49.2537
1022;33,49.2537
1098;33,48.5294
1103;33,48.5294
1133;33,48.5294
1138;33,48.5294
1164;33,49.2537
1169;33,49.2537
1195;33,48.5294
1200;33,48.5294
1226;33,48.5294
1231;33,48.5294
1257;33,49.2537
1262;33,49.2537
1284;33,46.4789
1287;33,47.1429
1302;33,46.4789
1305;33,47.1429
1326;33,47.1429
1329;33,47.8261

109;51
71,
151;30,73.1707
167;30,73.1707
183;30,81.0811
196;30,81.0811
209;30,73.1707
223;30,73.1707
237;30,81.0811
248;30,81.0811
259;30,73.1707
273;30,73.1707
287;30,81.0811
298;30,81.0811
309;30,73.1707
323;30,73.1707
337;30,81.0811
348;30,81.0811
359;30,73.1707
373;30,73.1707
387;30,81.0811
398;30,81.0811
409;30,73.1707
423;30,73.1707
437;30,81.0811
448;30,81.0811
495;30,61.2245
557;30,81.0811
594;30,81.0811
608;30,81.0811
624;30,66.6667
645;30,66.6667
664;30,81.0811
676;30,81.0811
690;30,66.6667
709;30,66.6667
726;30,81.0811
738;30,81.0811
752;30,66.6667
771;30,66.6667
788;30,81.0811
800;30,81.0811
814;30,66.6667
833;30,66.6667
850;30,81.0811
862;30,81.0811
876;30,66.6667
895;30,66.6667
912;30,81.0811
924;30,81.0811
938;30,66.6667
957;30,66.6667
1340;30,71.4286

111;87
17,
152;41,53.2468
160;41,41.8367
168;41,53.2468
176;41,41.8367
184;41,53.2468
197;41,53.2468
210;41,53.2468
218;41,41.8367
224;41,53.2468
232;41,41.8367
238;41,53.2468
249;41,53.2468
260;41,53.2468
268;41,41.8367
274;41,53.2468
282;41,41.8367
288;41,53.2468
299;41,53.2468
310;41,53.2468
318;41,41.8367
324;41,53.2468
332;41,41.8367
338;41,53.2468
349;41,53.2468
360;41,53.2468
368;41,41.8367
374;41,53.2468
382;41,41.8367
388;41,53.2468
399;41,53.2468
410;41,53.2468
418;41,41.8367
424;41,53.2468
432;41,41.8367
438;41,53.2468
449;41,53.2468
496;41,54.6667
508;41,52.5641
519;41,24.2604
526;41,24.2604
533;41,24.2604
540;41,24.2604
547;41,24.2604
554;41,24.2604
558;41,54.6667
573;41,24.2604
577;41,24.2604
581;41,24.2604
585;41,24.2604
589;41,24.2604
593;41,24.2604
595;41,54.6667
609;41,54.6667
625;41,54.6667
637;41,52.5641
646;41,54.6667
658;41,52.5641
665;41,54.6667
677;41,54.6667
691;41,54.6667
703;41,52.5641
710;41,54.6667
722;41,52.5641
727;41,54.6667
739;41,54.6667
753;41,54.6667
765;41,52.5641
772;41,54.6667
784;41,52.5641
789;41,54.6667
801;41,54.6667
815;41,54.6667
827;41,52.5641
834;41,54.6667
846;41,52.5641
851;41,54.6667
863;41,54.6667
877;41,54.6667
889;41,52.5641
896;41,54.6667
908;41,52.5641
913;41,54.6667
925;41,54.6667
939;41,54.6667
951;41,52.5641
958;41,54.6667
970;41,52.5641

