3,3,4,4,6,6,62,62,62,62,62,62,65,65,65,65,65,65,83,83,83,83,83,83,83,83,
9,9,10,10,


39,63,70,72,73,74,77,79,80,107,107,
84,85,90,109,111,111,
84,85,90,109,111,111,
84,85,109,111,
84,85,109,111,
90,109,111,111,
90,109,111,111,
109,111,
109,111,
90,109,111,111,
90,109,111,111,
109,111,
109,111,
90,109,111,111,
90,109,111,111,
109,111,
109,111,
90,109,111,111,
90,109,111,111,
109,111,
109,111,
90,109,111,111,
90,109,111,111,
109,111,
109,111,

70,72,73,74,77,79,80,107,107,
15,15,30,30,33,33,37,54,54,54,54,100,105,105,109,111,111,111,111,111,111,111,111,
109,111,111,111,111,111,111,111,
84,85,109,111,
84,85,109,111,
84,85,100,105,105,109,111,111,
84,85,100,105,105,109,111,111,
109,111,
109,111,
100,105,105,109,111,111,
100,105,105,109,111,111,
109,111,
109,111,
100,105,105,109,111,111,
37,100,105,105,109,111,111,
109,111,
109,111,
100,105,105,109,111,111,
100,105,105,109,111,111,
109,111,
109,111,
100,105,105,109,111,111,
100,105,105,109,111,111,
109,111,
109,111,
100,105,105,109,111,111,
37,100,105,105,109,111,111,
63,70,72,73,74,77,79,80,107,107,
39,63,70,72,73,74,77,79,80,107,107,
20,20,68,75,87,87,87,87,87,87,97,99,100,107,107,
87,87,87,87,87,87,97,99,
2,13,68,75,97,99,100,107,107,
2,13,97,99,
68,75,97,99,100,107,107,
97,99,
68,75,97,99,100,107,107,
97,99,
68,75,97,99,100,107,107,
97,99,
68,75,97,99,100,107,107,
97,99,
68,75,97,99,100,107,107,
97,99,
63,70,72,73,74,77,79,80,107,107,

63,70,72,73,74,77,79,80,107,107,
34,34,

39,63,70,72,73,74,77,79,80,107,107,
109,
