0;2
68,69,106,
36;44,100
38;44,100

1;2
84,119,
1091;39,97.5
1111;39,88.6364

2;2
45,
1106;40,100
1121;40,100

3;2
104,
30;33,100
32;33,100

4;2
103,
34;33,100
84;33,100

5;2
55,56,87,
1133;42,61.7647
1138;42,61.7647

6;2
105,
6;30,100
8;30,100

7;2
27,28,87,
1226;42,61.7647
1231;42,61.7647

8;2
68,69,107,
37;41,100
39;41,100

9;2
113,
121;33,100
123;33,100

10;2
48,
110;38,84.4444
112;38,69.0909

11;2
58,60,83,
698;153,100
717;153,100

12;2
36,37,83,
636;153,100
657;153,100

13;2
46,
1107;68,100
1122;68,100

14;2
27,29,87,90,
1302;59,83.0986
1305;59,84.2857

15;2
39,
525;32,100
546;32,100

16;2
84,120,
1188;39,97.5
1206;39,88.6364

17;2
52,53,83,
826;153,100
845;153,100

18;2
55,57,87,90,
979;59,83.0986
982;59,84.2857

19;2
52,54,83,
822;153,100
841;153,100

20;2
41,
1035;32,100
1050;32,100

21;2
33,35,87,90,
469;59,83.0986
472;59,84.2857

22;2
84,121,
1126;39,97.5
1144;39,88.6364

23;2
66,102,
33;40,100
83;40,100

24;2
49,51,87,90,
1284;59,83.0986
1287;59,84.2857

25;2
70,101,
25;33,100
77;33,100

26;2
58,59,83,
702;153,100
721;153,100

27;2
84,118,
1219;39,97.5
1237;39,88.6364

28;2
30,32,83,
884;153,100
903;153,100

29;2
36,38,83,
632;153,100
653;153,100

30;2
61,
544;40,71.4286
551;40,70.1754

31;2
49,50,87,
1195;42,61.7647
1200;42,61.7647

32;2
30,31,83,
888;153,100
907;153,100

33;2
64,
541;30,69.7674
548;30,68.1818

34;2
16,
1318;44,81.4815
1319;44,88

35;2
33,34,87,
1098;42,61.7647
1103;42,61.7647

36;3
93,100,
134;41,100
994;41,100
1324;41,100

37;3
40,
505;30,100
781;30,100
967;30,100

38;3
84,86,115,117,
1010;39,100
1157;39,100
1250;39,100

39;3
80,
130;42,100
991;42,100
1321;42,100

40;3
4,6,87,89,
1017;67,100
1164;67,100
1257;67,100

41;3
4,7,8,87,90,91,
136;70,100
996;70,100
1326;70,100

42;3
62,108,109,
146;131,100
1006;131,100
1336;131,100

43;3
4,5,87,88,
1022;67,100
1169;67,100
1262;67,100

44;3
63,110,111,
147;114,100
1007;114,100
1337;114,100

45;3
79,94,
1009;32,100
1156;32,100
1249;32,100

46;3
84,85,115,116,
1059;43,100
1175;43,100
1268;43,100

47;3
4,7,9,87,90,92,
139;69,100
999;69,100
1329;69,100

48;4
58,83,
698;125,81.6993
702;125,81.6993
717;125,81.6993
721;125,81.6993

49;4
42,43,
164;122,100
180;122,100
193;122,100
206;122,100

50;4
68,69,
36;36,81.8182
37;36,87.8049
38;36,81.8182
39;36,87.8049

51;4
52,83,
822;125,81.6993
826;125,81.6993
841;125,81.6993
845;125,81.6993

52;4
36,83,
632;125,81.6993
636;125,81.6993
653;125,81.6993
657;125,81.6993

53;4
30,83,
884;125,81.6993
888;125,81.6993
903;125,81.6993
907;125,81.6993

54;4
65,
516;39,69.6429
523;39,72.2222
530;39,69.6429
537;39,69.6429

55;4
27,87,
1226;37,54.4118
1231;37,54.4118
1302;37,52.1127
1305;37,52.8571

56;4
33,87,
469;37,52.1127
472;37,52.8571
1098;37,54.4118
1103;37,54.4118

57;4
42,44,
606;118,100
620;118,100
641;118,100
662;118,100

58;4
49,87,
1195;37,54.4118
1200;37,54.4118
1284;37,52.1127
1287;37,52.8571

59;4
55,87,
979;37,52.1127
982;37,52.8571
1133;37,54.4118
1138;37,54.4118

60;5
10,12,83,
503;152,100
760;152,100
779;152,100
946;152,100
965;152,100

61;5
10,11,83,
507;152,100
764;152,100
783;152,100
950;152,100
969;152,100

62;6
66,
18;30,73.1707
33;30,75
50;30,73.1707
71;30,73.1707
83;30,75
95;30,73.1707

63;6
14,
144;70,100
987;70,100
1004;70,100
1292;70,100
1310;70,100
1334;70,100

64;6
84,115,
1010;38,97.4359
1059;38,88.3721
1157;38,97.4359
1175;38,88.3721
1250;38,97.4359
1268;38,88.3721

65;6
70,
10;32,94.1176
25;32,96.9697
40;32,94.1176
57;32,94.1176
77;32,96.9697
89;32,94.1176

66;6
4,7,87,90,
136;58,82.8571
139;58,84.058
996;58,82.8571
999;58,84.058
1326;58,82.8571
1329;58,84.058

67;7
84,85,
1059;40,93.0233
1111;40,90.9091
1144;40,90.9091
1175;40,93.0233
1206;40,90.9091
1237;40,90.9091
1268;40,93.0233

68;7
15,
1024;50,100
1105;50,100
1140;50,100
1171;50,100
1202;50,100
1233;50,100
1264;50,100

69;7
87,89,
1017;64,95.5224
1098;64,94.1176
1133;64,94.1176
1164;64,95.5224
1195;64,94.1176
1226;64,94.1176
1257;64,95.5224

70;7
112,
145;53,100
479;53,100
988;53,100
1005;53,100
1293;53,100
1311;53,100
1335;53,100

71;7
87,90,92,
139;66,95.6522
472;66,94.2857
982;66,94.2857
999;66,95.6522
1287;66,94.2857
1305;66,94.2857
1329;66,95.6522

72;7
3,
138;63,100
471;63,100
981;63,100
998;63,100
1286;63,100
1304;63,100
1328;63,100

73;7
95,
142;30,100
477;30,96.7742
985;30,96.7742
1002;30,100
1290;30,96.7742
1308;30,96.7742
1332;30,100

74;7
62,108,
146;124,94.6565
480;124,93.2331
989;124,93.2331
1006;124,94.6565
1294;124,93.2331
1312;124,93.2331
1336;124,94.6565

75;7
94,
1009;30,93.75
1090;30,90.9091
1125;30,90.9091
1156;30,93.75
1187;30,90.9091
1218;30,90.9091
1249;30,93.75

76;7
84,86,
1010;36,92.3077
1091;36,90
1126;36,90
1157;36,92.3077
1188;36,90
1219;36,90
1250;36,92.3077

77;7
93,
134;37,90.2439
464;37,88.0952
977;37,88.0952
994;37,90.2439
1282;37,88.0952
1300;37,88.0952
1324;37,90.2439

78;7
87,88,
1022;64,95.5224
1103;64,94.1176
1138;64,94.1176
1169;64,95.5224
1200;64,94.1176
1231;64,94.1176
1262;64,95.5224

79;7
63,110,
147;107,93.8596
481;107,92.2414
990;107,92.2414
1007;107,93.8596
1295;107,92.2414
1313;107,92.2414
1337;107,93.8596

80;7
81,
131;31,100
462;31,100
975;31,100
992;31,100
1280;31,100
1298;31,100
1322;31,100

81;7
0,2,
1023;158,100
1104;158,100
1139;158,100
1170;158,100
1201;158,100
1232;158,100
1263;158,100

82;7
87,90,91,
136;67,95.7143
469;67,94.3662
979;67,94.3662
996;67,95.7143
1284;67,94.3662
1302;67,94.3662
1326;67,95.7143

83;8
68,
36;33,75
37;33,80.4878
38;33,75
39;33,80.4878
53;33,45.8333
54;33,47.8261
55;33,45.8333
56;33,47.8261

84;8
42,
164;85,69.6721
180;85,69.6721
193;85,69.6721
206;85,69.6721
606;85,72.0339
620;85,72.0339
641;85,72.0339
662;85,72.0339

85;8
47,
163;100,100
179;100,100
192;100,100
205;100,100
605;100,100
619;100,100
640;100,100
661;100,100

86;10
10,83,
503;124,81.5789
507;124,81.5789
760;124,81.5789
764;124,81.5789
779;124,81.5789
783;124,81.5789
946;124,81.5789
950;124,81.5789
965;124,81.5789
969;124,81.5789

87;12
25,
1031;71,100
1036;71,100
1041;71,100
1046;71,100
1051;71,100
1056;71,100
1073;71,100
1076;71,100
1079;71,100
1082;71,100
1085;71,100
1088;71,100

88;12
71,74,76,77,
624;45,100
645;45,100
690;45,100
709;45,100
752;45,100
771;45,100
814;45,100
833;45,100
876;45,100
895;45,100
938;45,100
957;45,100

89;12
17,18,
160;98,100
176;98,100
218;98,100
232;98,100
268;98,100
282;98,100
318;98,100
332;98,100
368;98,100
382;98,100
418;98,100
432;98,100

90;12
78,
150;61,100
166;61,100
208;61,100
222;61,100
258;61,100
272;61,100
308;61,100
322;61,100
358;61,100
372;61,100
408;61,100
422;61,100

91;12
71,74,75,
151;41,100
167;41,100
209;41,100
223;41,100
259;41,100
273;41,100
309;41,100
323;41,100
359;41,100
373;41,100
409;41,100
423;41,100

92;12
17,20,21,
519;169,100
526;169,100
533;169,100
540;169,100
547;169,100
554;169,100
573;169,100
577;169,100
581;169,100
585;169,100
589;169,100
593;169,100

93;12
4,87,
136;36,51.4286
139;36,52.1739
996;36,51.4286
999;36,52.1739
1017;36,53.7313
1022;36,53.7313
1164;36,53.7313
1169;36,53.7313
1257;36,53.7313
1262;36,53.7313
1326;36,51.4286
1329;36,52.1739

94;13
71,74,76,
495;44,89.7959
624;44,97.7778
645;44,97.7778
690;44,97.7778
709;44,97.7778
752;44,97.7778
771;44,97.7778
814;44,97.7778
833;44,97.7778
876;44,97.7778
895;44,97.7778
938;44,97.7778
957;44,97.7778

95;13
17,19,
508;78,100
637;78,100
658;78,100
703;78,100
722;78,100
765;78,100
784;78,100
827;78,100
846;78,100
889;78,100
908;78,100
951;78,100
970;78,100

96;13
0,1,
506;222,100
635;222,100
656;222,100
701;222,100
720;222,100
763;222,100
782;222,100
825;222,100
844;222,100
887;222,100
906;222,100
949;222,100
968;222,100

97;14
26,
1011;31,100
1060;31,100
1092;31,100
1112;31,100
1127;31,100
1145;31,100
1158;31,100
1176;31,100
1189;31,100
1207;31,100
1220;31,100
1238;31,100
1251;31,100
1269;31,100

98;14
87,90,
136;55,78.5714
139;55,79.7101
469;55,77.4648
472;55,78.5714
979;55,77.4648
982;55,78.5714
996;55,78.5714
999;55,79.7101
1284;55,77.4648
1287;55,78.5714
1302;55,77.4648
1305;55,78.5714
1326;55,78.5714
1329;55,79.7101

99;14
84,
1010;35,89.7436
1059;35,81.3953
1091;35,87.5
1111;35,79.5455
1126;35,87.5
1144;35,79.5455
1157;35,89.7436
1175;35,81.3953
1188;35,87.5
1206;35,79.5455
1219;35,87.5
1237;35,79.5455
1250;35,89.7436
1268;35,81.3953

100;20
0,
506;39,17.5676
635;39,17.5676
656;39,17.5676
701;39,17.5676
720;39,17.5676
763;39,17.5676
782;39,17.5676
825;39,17.5676
844;39,17.5676
887;39,17.5676
906;39,17.5676
949;39,17.5676
968;39,17.5676
1023;39,24.6835
1104;39,24.6835
1139;39,24.6835
1170;39,24.6835
1201;39,24.6835
1232;39,24.6835
1263;39,24.6835

101;24
17,20,22,24,
152;77,100
168;77,100
184;77,100
197;77,100
210;77,100
224;77,100
238;77,100
249;77,100
260;77,100
274;77,100
288;77,100
299;77,100
310;77,100
324;77,100
338;77,100
349;77,100
360;77,100
374;77,100
388;77,100
399;77,100
410;77,100
424;77,100
438;77,100
449;77,100

102;25
71,72,73,
183;37,100
196;37,100
237;37,100
248;37,100
287;37,100
298;37,100
337;37,100
348;37,100
387;37,100
398;37,100
437;37,100
448;37,100
557;37,100
594;37,100
608;37,100
664;37,100
676;37,100
726;37,100
738;37,100
788;37,100
800;37,100
850;37,100
862;37,100
912;37,100
924;37,100

103;25
71,74,
151;35,85.3659
167;35,85.3659
209;35,85.3659
223;35,85.3659
259;35,85.3659
273;35,85.3659
309;35,85.3659
323;35,85.3659
359;35,85.3659
373;35,85.3659
409;35,85.3659
423;35,85.3659
495;35,71.4286
624;35,77.7778
645;35,77.7778
690;35,77.7778
709;35,77.7778
752;35,77.7778
771;35,77.7778
814;35,77.7778
833;35,77.7778
876;35,77.7778
895;35,77.7778
938;35,77.7778
957;35,77.7778

104;26
71,72,
183;31,83.7838
196;31,83.7838
237;31,83.7838
248;31,83.7838
287;31,83.7838
298;31,83.7838
337;31,83.7838
348;31,83.7838
387;31,83.7838
398;31,83.7838
437;31,83.7838
448;31,83.7838
557;31,83.7838
594;31,83.7838
608;31,83.7838
664;31,83.7838
676;31,83.7838
726;31,83.7838
738;31,83.7838
788;31,83.7838
800;31,83.7838
850;31,83.7838
862;31,83.7838
912;31,83.7838
924;31,83.7838
1340;31,73.8095

105;26
83,
503;30,19.7368
507;30,19.7368
632;30,19.6078
636;30,19.6078
653;30,19.6078
657;30,19.6078
698;30,19.6078
702;30,19.6078
717;30,19.6078
721;30,19.6078
760;30,19.7368
764;30,19.7368
779;30,19.7368
783;30,19.7368
822;30,19.6078
826;30,19.6078
841;30,19.6078
845;30,19.6078
884;30,19.6078
888;30,19.6078
903;30,19.6078
907;30,19.6078
946;30,19.7368
950;30,19.7368
965;30,19.7368
969;30,19.7368

106;26
17,20,22,23,
496;75,100
558;75,100
595;75,100
609;75,100
625;75,100
646;75,100
665;75,100
677;75,100
691;75,100
710;75,100
727;75,100
739;75,100
753;75,100
772;75,100
789;75,100
801;75,100
815;75,100
834;75,100
851;75,100
863;75,100
877;75,100
896;75,100
913;75,100
925;75,100
939;75,100
958;75,100

107;28
87,
136;33,47.1429
139;33,47.8261
469;33,46.4789
472;33,47.1429
979;33,46.4789
982;33,47.1429
996;33,47.1429
999;33,47.8261
1017;33,49.2537
1022;33,49.2537
1098;33,48.5294
1103;33,48.5294
1133;33,48.5294
1138;33,48.5294
1164;33,49.2537
1169;33,49.2537
1195;33,48.5294
1200;33,48.5294
1226;33,48.5294
1231;33,48.5294
1257;33,49.2537
1262;33,49.2537
1284;33,46.4789
1287;33,47.1429
1302;33,46.4789
1305;33,47.1429
1326;33,47.1429
1329;33,47.8261

108;50
17,20,22,
152;49,63.6364
168;49,63.6364
184;49,63.6364
197;49,63.6364
210;49,63.6364
224;49,63.6364
238;49,63.6364
249;49,63.6364
260;49,63.6364
274;49,63.6364
288;49,63.6364
299;49,63.6364
310;49,63.6364
324;49,63.6364
338;49,63.6364
349;49,63.6364
360;49,63.6364
374;49,63.6364
388;49,63.6364
399;49,63.6364
410;49,63.6364
424;49,63.6364
438;49,63.6364
449;49,63.6364
496;49,65.3333
558;49,65.3333
595;49,65.3333
609;49,65.3333
625;49,65.3333
646;49,65.3333
665;49,65.3333
677;49,65.3333
691;49,65.3333
710;49,65.3333
727;49,65.3333
739;49,65.3333
753;49,65.3333
772;49,65.3333
789;49,65.3333
801;49,65.3333
815;49,65.3333
834;49,65.3333
851;49,65.3333
863;49,65.3333
877;49,65.3333
896;49,65.3333
913;49,65.3333
925;49,65.3333
939;49,65.3333
958;49,65.3333

109;51
71,
151;30,73.1707
167;30,73.1707
183;30,81.0811
196;30,81.0811
209;30,73.1707
223;30,73.1707
237;30,81.0811
248;30,81.0811
259;30,73.1707
273;30,73.1707
287;30,81.0811
298;30,81.0811
309;30,73.1707
323;30,73.1707
337;30,81.0811
348;30,81.0811
359;30,73.1707
373;30,73.1707
387;30,81.0811
398;30,81.0811
409;30,73.1707
423;30,73.1707
437;30,81.0811
448;30,81.0811
495;30,61.2245
557;30,81.0811
594;30,81.0811
608;30,81.0811
624;30,66.6667
645;30,66.6667
664;30,81.0811
676;30,81.0811
690;30,66.6667
709;30,66.6667
726;30,81.0811
738;30,81.0811
752;30,66.6667
771;30,66.6667
788;30,81.0811
800;30,81.0811
814;30,66.6667
833;30,66.6667
850;30,81.0811
862;30,81.0811
876;30,66.6667
895;30,66.6667
912;30,81.0811
924;30,81.0811
938;30,66.6667
957;30,66.6667
1340;30,71.4286

110;62
17,20,
152;44,57.1429
168;44,57.1429
184;44,57.1429
197;44,57.1429
210;44,57.1429
224;44,57.1429
238;44,57.1429
249;44,57.1429
260;44,57.1429
274;44,57.1429
288;44,57.1429
299;44,57.1429
310;44,57.1429
324;44,57.1429
338;44,57.1429
349;44,57.1429
360;44,57.1429
374;44,57.1429
388;44,57.1429
399;44,57.1429
410;44,57.1429
424;44,57.1429
438;44,57.1429
449;44,57.1429
496;44,58.6667
519;44,26.0355
526;44,26.0355
533;44,26.0355
540;44,26.0355
547;44,26.0355
554;44,26.0355
558;44,58.6667
573;44,26.0355
577;44,26.0355
581;44,26.0355
585;44,26.0355
589;44,26.0355
593;44,26.0355
595;44,58.6667
609;44,58.6667
625;44,58.6667
646;44,58.6667
665;44,58.6667
677;44,58.6667
691;44,58.6667
710;44,58.6667
727;44,58.6667
739;44,58.6667
753;44,58.6667
772;44,58.6667
789;44,58.6667
801;44,58.6667
815;44,58.6667
834;44,58.6667
851;44,58.6667
863;44,58.6667
877;44,58.6667
896;44,58.6667
913;44,58.6667
925;44,58.6667
939;44,58.6667
958;44,58.6667

111;87
17,
152;41,53.2468
160;41,41.8367
168;41,53.2468
176;41,41.8367
184;41,53.2468
197;41,53.2468
210;41,53.2468
218;41,41.8367
224;41,53.2468
232;41,41.8367
238;41,53.2468
249;41,53.2468
260;41,53.2468
268;41,41.8367
274;41,53.2468
282;41,41.8367
288;41,53.2468
299;41,53.2468
310;41,53.2468
318;41,41.8367
324;41,53.2468
332;41,41.8367
338;41,53.2468
349;41,53.2468
360;41,53.2468
368;41,41.8367
374;41,53.2468
382;41,41.8367
388;41,53.2468
399;41,53.2468
410;41,53.2468
418;41,41.8367
424;41,53.2468
432;41,41.8367
438;41,53.2468
449;41,53.2468
496;41,54.6667
508;41,52.5641
519;41,24.2604
526;41,24.2604
533;41,24.2604
540;41,24.2604
547;41,24.2604
554;41,24.2604
558;41,54.6667
573;41,24.2604
577;41,24.2604
581;41,24.2604
585;41,24.2604
589;41,24.2604
593;41,24.2604
595;41,54.6667
609;41,54.6667
625;41,54.6667
637;41,52.5641
646;41,54.6667
658;41,52.5641
665;41,54.6667
677;41,54.6667
691;41,54.6667
703;41,52.5641
710;41,54.6667
722;41,52.5641
727;41,54.6667
739;41,54.6667
753;41,54.6667
765;41,52.5641
772;41,54.6667
784;41,52.5641
789;41,54.6667
801;41,54.6667
815;41,54.6667
827;41,52.5641
834;41,54.6667
846;41,52.5641
851;41,54.6667
863;41,54.6667
877;41,54.6667
889;41,52.5641
896;41,54.6667
908;41,52.5641
913;41,54.6667
925;41,54.6667
939;41,54.6667
951;41,52.5641
958;41,54.6667
970;41,52.5641

