0,0,Bits( ),39,39,6
1,0,swap( ),44,47,27
2,0,swap( ),49,52,27
3,0,swap( ),54,59,44
4,0,swap( ),61,64,46
5,0,makeChar( ),69,71,29
6,0,getCharL( ),73,76,30
7,0,getCharL( ),78,81,27
8,0,getCharB( ),83,86,30
9,0,getCharB( ),88,91,27
10,0,getChar( ),93,95,34
11,0,getChar( ),97,99,27
12,0,char1( ),101,101,18
13,0,char0( ),102,102,18
14,0,putCharL( ),104,107,39
15,0,putCharL( ),109,112,36
16,0,putCharB( ),114,117,39
17,0,putCharB( ),119,122,36
18,0,putChar( ),124,129,41
19,0,putChar( ),131,136,34
20,0,makeShort( ),141,143,27
21,0,getShortL( ),145,148,29
22,0,getShortL( ),150,153,24
23,0,getShortB( ),155,158,29
24,0,getShortB( ),160,163,24
25,0,getShort( ),165,167,33
26,0,getShort( ),169,171,26
27,0,short1( ),173,173,17
28,0,short0( ),174,174,17
29,0,putShortL( ),176,179,38
30,0,putShortL( ),181,184,33
31,0,putShortB( ),186,189,38
32,0,putShortB( ),191,194,33
33,0,putShort( ),196,201,40
34,0,putShort( ),203,208,33
35,0,makeInt( ),213,218,58
36,0,getIntL( ),220,225,44
37,0,getIntL( ),227,232,41
38,0,getIntB( ),234,239,44
39,0,getIntB( ),241,246,41
40,0,getInt( ),248,250,34
41,0,getInt( ),252,254,27
42,0,int3( ),256,256,18
43,0,int2( ),257,257,18
44,0,int1( ),258,258,18
45,0,int0( ),259,259,18
46,0,putIntL( ),261,266,63
47,0,putIntL( ),268,273,60
48,0,putIntB( ),275,280,63
49,0,putIntB( ),282,287,60
50,0,putInt( ),289,294,41
51,0,putInt( ),296,301,34
52,0,makeLong( ),306,317,130
53,0,getLongL( ),319,328,72
54,0,getLongL( ),330,339,69
55,0,getLongB( ),341,350,72
56,0,getLongB( ),352,361,69
57,0,getLong( ),363,365,34
58,0,getLong( ),367,369,27
59,0,long7( ),371,371,18
60,0,long6( ),372,372,18
61,0,long5( ),373,373,18
62,0,long4( ),374,374,18
63,0,long3( ),375,375,18
64,0,long2( ),376,376,18
65,0,long1( ),377,377,18
66,0,long0( ),378,378,18
67,0,putLongL( ),380,389,111
68,0,putLongL( ),391,400,108
69,0,putLongB( ),402,411,111
70,0,putLongB( ),413,422,108
71,0,putLong( ),424,429,41
72,0,putLong( ),431,436,34
73,0,getFloatL( ),441,443,22
74,0,getFloatL( ),445,447,17
75,0,getFloatB( ),449,451,22
76,0,getFloatB( ),453,455,17
77,0,getFloat( ),457,459,33
78,0,getFloat( ),461,463,26
79,0,putFloatL( ),465,467,26
80,0,putFloatL( ),469,471,21
81,0,putFloatB( ),473,475,26
82,0,putFloatB( ),477,479,21
83,0,putFloat( ),481,486,40
84,0,putFloat( ),488,493,33
85,0,getDoubleL( ),498,500,23
86,0,getDoubleL( ),502,504,18
87,0,getDoubleB( ),506,508,23
88,0,getDoubleB( ),510,512,18
89,0,getDouble( ),514,516,34
90,0,getDouble( ),518,520,27
91,0,putDoubleL( ),522,524,27
92,0,putDoubleL( ),526,528,22
93,0,putDoubleB( ),530,532,27
94,0,putDoubleB( ),534,536,22
95,0,putDouble( ),538,543,41
96,0,putDouble( ),545,550,34
97,0,_get( ),557,559,15
98,0,_put( ),561,563,19
99,0,unsafe( ),565,567,10
100,0,byteOrder( ),574,578,22
101,0,pageSize( ),600,604,27
102,0,unaligned( ),610,619,49
103,0,reserveMemory( ),634,660,103
104,0,unreserveMemory( ),662,667,30
105,0,copyFromCharArray( ),687,691,29
106,0,copyToCharArray( ),693,697,29
107,1,Buffer( ),188,200,76
108,1,capacity( ),207,209,9
109,1,position( ),216,218,9
110,1,position( ),233,239,45
111,1,limit( ),246,248,9
112,1,limit( ),264,271,55
113,1,mark( ),278,281,13
114,1,reset( ),294,300,29
115,1,clear( ),319,324,22
116,1,flip( ),347,352,22
117,1,rewind( ),369,373,18
118,1,remaining( ),381,383,11
119,1,hasRemaining( ),392,394,11
120,1,nextGetIndex( ),489,493,21
121,1,nextGetIndex( ),495,501,33
122,1,nextPutIndex( ),510,514,21
123,1,nextPutIndex( ),516,522,33
124,1,checkIndex( ),529,533,30
125,1,checkIndex( ),535,539,35
126,1,markValue( ),541,543,9
127,1,checkBounds( ),545,548,46
128,2,BufferOverflowException( ),49,49,5
129,3,BufferUnderflowException( ),49,49,5
130,4,ByteBuffer( ),246,252,42
131,4,ByteBuffer( ),256,258,31
132,4,allocateDirect( ),277,279,15
133,4,allocate( ),299,303,28
134,4,wrap( ),336,344,41
135,4,wrap( ),362,364,20
136,4,get( ),638,646,70
137,4,get( ),664,666,19
138,4,put( ),712,721,63
139,4,put( ),773,781,69
140,4,put( ),802,804,19
141,4,hasArray( ),905,907,16
142,4,array( ),928,934,30
143,4,arrayOffset( ),956,962,29
144,4,toString( ),1019,1030,70
145,4,hashCode( ),1050,1056,53
146,4,equals( ),1083,1102,131
147,4,compareTo( ),1116,1130,114
148,4,order( ),1366,1368,13
149,4,order( ),1380,1385,33
150,5,ByteBufferAsCharBufferB( ),42,57,61
151,5,ByteBufferAsCharBufferB( ),59,70,41
152,5,slice( ),72,80,77
153,5,duplicate( ),82,89,30
154,5,asReadOnlyBuffer( ),91,102,30
155,5,ix( ),106,108,18
156,5,get( ),110,112,19
157,5,get( ),114,116,22
158,5,put( ),120,127,25
159,5,put( ),129,136,29
160,5,compact( ),138,157,98
161,5,isDirect( ),159,161,11
162,5,isReadOnly( ),163,165,9
163,5,toString( ),169,184,100
164,5,subSequence( ),189,202,122
165,5,order( ),207,214,9
166,6,ByteBufferAsCharBufferL( ),42,57,61
167,6,ByteBufferAsCharBufferL( ),59,70,41
168,6,slice( ),72,80,77
169,6,duplicate( ),82,89,30
170,6,asReadOnlyBuffer( ),91,102,30
171,6,ix( ),106,108,18
172,6,get( ),110,112,19
173,6,get( ),114,116,22
174,6,put( ),120,127,25
175,6,put( ),129,136,29
176,6,compact( ),138,157,98
177,6,isDirect( ),159,161,11
178,6,isReadOnly( ),163,165,9
179,6,toString( ),169,184,100
180,6,subSequence( ),189,202,122
181,6,order( ),207,214,9
182,7,ByteBufferAsCharBufferRB( ),42,57,12
183,7,ByteBufferAsCharBufferRB( ),59,70,37
184,7,slice( ),72,80,77
185,7,duplicate( ),82,89,30
186,7,asReadOnlyBuffer( ),91,102,11
187,7,put( ),120,127,13
188,7,put( ),129,136,16
189,7,compact( ),138,157,11
190,7,isDirect( ),159,161,11
191,7,isReadOnly( ),163,165,9
192,7,toString( ),169,184,100
193,7,subSequence( ),189,202,122
194,7,order( ),207,214,9
195,8,ByteBufferAsCharBufferRL( ),42,57,12
196,8,ByteBufferAsCharBufferRL( ),59,70,37
197,8,slice( ),72,80,77
198,8,duplicate( ),82,89,30
199,8,asReadOnlyBuffer( ),91,102,11
200,8,put( ),120,127,13
201,8,put( ),129,136,16
202,8,compact( ),138,157,11
203,8,isDirect( ),159,161,11
204,8,isReadOnly( ),163,165,9
205,8,toString( ),169,184,100
206,8,subSequence( ),189,202,122
207,8,order( ),207,214,9
208,9,ByteBufferAsDoubleBufferB( ),42,57,61
209,9,ByteBufferAsDoubleBufferB( ),59,70,41
210,9,slice( ),72,80,77
211,9,duplicate( ),82,89,30
212,9,asReadOnlyBuffer( ),91,102,30
213,9,ix( ),106,108,18
214,9,get( ),110,112,19
215,9,get( ),114,116,22
216,9,put( ),120,127,25
217,9,put( ),129,136,29
218,9,compact( ),138,157,98
219,9,isDirect( ),159,161,11
220,9,isReadOnly( ),163,165,9
221,9,order( ),207,214,9
222,10,ByteBufferAsDoubleBufferL( ),42,57,61
223,10,ByteBufferAsDoubleBufferL( ),59,70,41
224,10,slice( ),72,80,77
225,10,duplicate( ),82,89,30
226,10,asReadOnlyBuffer( ),91,102,30
227,10,ix( ),106,108,18
228,10,get( ),110,112,19
229,10,get( ),114,116,22
230,10,put( ),120,127,25
231,10,put( ),129,136,29
232,10,compact( ),138,157,98
233,10,isDirect( ),159,161,11
234,10,isReadOnly( ),163,165,9
235,10,order( ),207,214,9
236,11,ByteBufferAsDoubleBufferRB( ),42,57,12
237,11,ByteBufferAsDoubleBufferRB( ),59,70,37
238,11,slice( ),72,80,77
239,11,duplicate( ),82,89,30
240,11,asReadOnlyBuffer( ),91,102,11
241,11,put( ),120,127,13
242,11,put( ),129,136,16
243,11,compact( ),138,157,11
244,11,isDirect( ),159,161,11
245,11,isReadOnly( ),163,165,9
246,11,order( ),207,214,9
247,12,ByteBufferAsDoubleBufferRL( ),42,57,12
248,12,ByteBufferAsDoubleBufferRL( ),59,70,37
249,12,slice( ),72,80,77
250,12,duplicate( ),82,89,30
251,12,asReadOnlyBuffer( ),91,102,11
252,12,put( ),120,127,13
253,12,put( ),129,136,16
254,12,compact( ),138,157,11
255,12,isDirect( ),159,161,11
256,12,isReadOnly( ),163,165,9
257,12,order( ),207,214,9
258,13,ByteBufferAsFloatBufferB( ),42,57,61
259,13,ByteBufferAsFloatBufferB( ),59,70,41
260,13,slice( ),72,80,77
261,13,duplicate( ),82,89,30
262,13,asReadOnlyBuffer( ),91,102,30
263,13,ix( ),106,108,18
264,13,get( ),110,112,18
265,13,get( ),114,116,21
266,13,put( ),120,127,24
267,13,put( ),129,136,28
268,13,compact( ),138,157,98
269,13,isDirect( ),159,161,11
270,13,isReadOnly( ),163,165,9
271,13,order( ),207,214,9
272,14,ByteBufferAsFloatBufferL( ),42,57,61
273,14,ByteBufferAsFloatBufferL( ),59,70,41
274,14,slice( ),72,80,77
275,14,duplicate( ),82,89,30
276,14,asReadOnlyBuffer( ),91,102,30
277,14,ix( ),106,108,18
278,14,get( ),110,112,18
279,14,get( ),114,116,21
280,14,put( ),120,127,24
281,14,put( ),129,136,28
282,14,compact( ),138,157,98
283,14,isDirect( ),159,161,11
284,14,isReadOnly( ),163,165,9
285,14,order( ),207,214,9
286,15,ByteBufferAsFloatBufferRB( ),42,57,12
287,15,ByteBufferAsFloatBufferRB( ),59,70,37
288,15,slice( ),72,80,77
289,15,duplicate( ),82,89,30
290,15,asReadOnlyBuffer( ),91,102,11
291,15,put( ),120,127,12
292,15,put( ),129,136,15
293,15,compact( ),138,157,11
294,15,isDirect( ),159,161,11
295,15,isReadOnly( ),163,165,9
296,15,order( ),207,214,9
297,16,ByteBufferAsFloatBufferRL( ),42,57,12
298,16,ByteBufferAsFloatBufferRL( ),59,70,37
299,16,slice( ),72,80,77
300,16,duplicate( ),82,89,30
301,16,asReadOnlyBuffer( ),91,102,11
302,16,put( ),120,127,12
303,16,put( ),129,136,15
304,16,compact( ),138,157,11
305,16,isDirect( ),159,161,11
306,16,isReadOnly( ),163,165,9
307,16,order( ),207,214,9
308,17,ByteBufferAsIntBufferB( ),42,57,61
309,17,ByteBufferAsIntBufferB( ),59,70,41
310,17,slice( ),72,80,77
311,17,duplicate( ),82,89,30
312,17,asReadOnlyBuffer( ),91,102,30
313,17,ix( ),106,108,18
314,17,get( ),110,112,19
315,17,get( ),114,116,22
316,17,put( ),120,127,25
317,17,put( ),129,136,29
318,17,compact( ),138,157,98
319,17,isDirect( ),159,161,11
320,17,isReadOnly( ),163,165,9
321,17,order( ),207,214,9
322,18,ByteBufferAsIntBufferL( ),42,57,61
323,18,ByteBufferAsIntBufferL( ),59,70,41
324,18,slice( ),72,80,77
325,18,duplicate( ),82,89,30
326,18,asReadOnlyBuffer( ),91,102,30
327,18,ix( ),106,108,18
328,18,get( ),110,112,19
329,18,get( ),114,116,22
330,18,put( ),120,127,25
331,18,put( ),129,136,29
332,18,compact( ),138,157,98
333,18,isDirect( ),159,161,11
334,18,isReadOnly( ),163,165,9
335,18,order( ),207,214,9
336,19,ByteBufferAsIntBufferRB( ),42,57,12
337,19,ByteBufferAsIntBufferRB( ),59,70,37
338,19,slice( ),72,80,77
339,19,duplicate( ),82,89,30
340,19,asReadOnlyBuffer( ),91,102,11
341,19,put( ),120,127,13
342,19,put( ),129,136,16
343,19,compact( ),138,157,11
344,19,isDirect( ),159,161,11
345,19,isReadOnly( ),163,165,9
346,19,order( ),207,214,9
347,20,ByteBufferAsIntBufferRL( ),42,57,12
348,20,ByteBufferAsIntBufferRL( ),59,70,37
349,20,slice( ),72,80,77
350,20,duplicate( ),82,89,30
351,20,asReadOnlyBuffer( ),91,102,11
352,20,put( ),120,127,13
353,20,put( ),129,136,16
354,20,compact( ),138,157,11
355,20,isDirect( ),159,161,11
356,20,isReadOnly( ),163,165,9
357,20,order( ),207,214,9
358,21,ByteBufferAsLongBufferB( ),42,57,61
359,21,ByteBufferAsLongBufferB( ),59,70,41
360,21,slice( ),72,80,77
361,21,duplicate( ),82,89,30
362,21,asReadOnlyBuffer( ),91,102,30
363,21,ix( ),106,108,18
364,21,get( ),110,112,19
365,21,get( ),114,116,22
366,21,put( ),120,127,25
367,21,put( ),129,136,29
368,21,compact( ),138,157,98
369,21,isDirect( ),159,161,11
370,21,isReadOnly( ),163,165,9
371,21,order( ),207,214,9
372,22,ByteBufferAsLongBufferL( ),42,57,61
373,22,ByteBufferAsLongBufferL( ),59,70,41
374,22,slice( ),72,80,77
375,22,duplicate( ),82,89,30
376,22,asReadOnlyBuffer( ),91,102,30
377,22,ix( ),106,108,18
378,22,get( ),110,112,19
379,22,get( ),114,116,22
380,22,put( ),120,127,25
381,22,put( ),129,136,29
382,22,compact( ),138,157,98
383,22,isDirect( ),159,161,11
384,22,isReadOnly( ),163,165,9
385,22,order( ),207,214,9
386,23,ByteBufferAsLongBufferRB( ),42,57,12
387,23,ByteBufferAsLongBufferRB( ),59,70,37
388,23,slice( ),72,80,77
389,23,duplicate( ),82,89,30
390,23,asReadOnlyBuffer( ),91,102,11
391,23,put( ),120,127,13
392,23,put( ),129,136,16
393,23,compact( ),138,157,11
394,23,isDirect( ),159,161,11
395,23,isReadOnly( ),163,165,9
396,23,order( ),207,214,9
397,24,ByteBufferAsLongBufferRL( ),42,57,12
398,24,ByteBufferAsLongBufferRL( ),59,70,37
399,24,slice( ),72,80,77
400,24,duplicate( ),82,89,30
401,24,asReadOnlyBuffer( ),91,102,11
402,24,put( ),120,127,13
403,24,put( ),129,136,16
404,24,compact( ),138,157,11
405,24,isDirect( ),159,161,11
406,24,isReadOnly( ),163,165,9
407,24,order( ),207,214,9
408,25,ByteBufferAsShortBufferB( ),42,57,61
409,25,ByteBufferAsShortBufferB( ),59,70,41
410,25,slice( ),72,80,77
411,25,duplicate( ),82,89,30
412,25,asReadOnlyBuffer( ),91,102,30
413,25,ix( ),106,108,18
414,25,get( ),110,112,18
415,25,get( ),114,116,21
416,25,put( ),120,127,24
417,25,put( ),129,136,28
418,25,compact( ),138,157,98
419,25,isDirect( ),159,161,11
420,25,isReadOnly( ),163,165,9
421,25,order( ),207,214,9
422,26,ByteBufferAsShortBufferL( ),42,57,61
423,26,ByteBufferAsShortBufferL( ),59,70,41
424,26,slice( ),72,80,77
425,26,duplicate( ),82,89,30
426,26,asReadOnlyBuffer( ),91,102,30
427,26,ix( ),106,108,18
428,26,get( ),110,112,18
429,26,get( ),114,116,21
430,26,put( ),120,127,24
431,26,put( ),129,136,28
432,26,compact( ),138,157,98
433,26,isDirect( ),159,161,11
434,26,isReadOnly( ),163,165,9
435,26,order( ),207,214,9
436,27,ByteBufferAsShortBufferRB( ),42,57,12
437,27,ByteBufferAsShortBufferRB( ),59,70,37
438,27,slice( ),72,80,77
439,27,duplicate( ),82,89,30
440,27,asReadOnlyBuffer( ),91,102,11
441,27,put( ),120,127,12
442,27,put( ),129,136,15
443,27,compact( ),138,157,11
444,27,isDirect( ),159,161,11
445,27,isReadOnly( ),163,165,9
446,27,order( ),207,214,9
447,28,ByteBufferAsShortBufferRL( ),42,57,12
448,28,ByteBufferAsShortBufferRL( ),59,70,37
449,28,slice( ),72,80,77
450,28,duplicate( ),82,89,30
451,28,asReadOnlyBuffer( ),91,102,11
452,28,put( ),120,127,12
453,28,put( ),129,136,15
454,28,compact( ),138,157,11
455,28,isDirect( ),159,161,11
456,28,isReadOnly( ),163,165,9
457,28,order( ),207,214,9
458,29,ByteOrder( ),41,43,12
459,29,nativeOrder( ),72,74,12
460,29,toString( ),85,87,9
461,30,CharBuffer( ),273,279,43
462,30,CharBuffer( ),283,285,31
463,30,allocate( ),326,330,28
464,30,wrap( ),363,371,42
465,30,wrap( ),389,391,21
466,30,read( ),409,427,91
467,30,wrap( ),458,464,40
468,30,wrap( ),480,482,21
469,30,get( ),665,673,71
470,30,get( ),691,693,20
471,30,put( ),739,748,63
472,30,put( ),800,808,70
473,30,put( ),829,831,20
474,30,put( ),887,892,52
475,30,put( ),912,914,20
476,30,hasArray( ),932,934,16
477,30,array( ),955,961,31
478,30,arrayOffset( ),983,989,29
479,30,hashCode( ),1077,1083,53
480,30,equals( ),1110,1129,133
481,30,compareTo( ),1143,1157,116
482,30,toString( ),1175,1177,18
483,30,length( ),1194,1196,11
484,30,charAt( ),1212,1214,23
485,30,append( ),1282,1287,29
486,30,append( ),1321,1324,42
487,30,append( ),1349,1351,14
488,31,viewedBuffer( ),61,63,9
489,31,Deallocator( ),76,80,26
490,31,run( ),82,90,30
491,31,cleaner( ),96,96,9
492,31,DirectByteBuffer( ),110,133,125
493,31,DirectByteBuffer( ),139,143,33
494,31,DirectByteBuffer( ),149,158,45
495,31,DirectByteBuffer( ),164,178,49
496,31,slice( ),180,188,75
497,31,duplicate( ),190,197,30
498,31,asReadOnlyBuffer( ),199,210,30
499,31,address( ),214,216,9
500,31,ix( ),218,220,18
501,31,get( ),222,224,20
502,31,get( ),226,228,23
503,31,get( ),230,257,152
504,31,put( ),261,268,26
505,31,put( ),270,277,30
506,31,put( ),279,318,222
507,31,put( ),320,345,152
508,31,compact( ),347,362,78
509,31,isDirect( ),364,366,9
510,31,isReadOnly( ),368,370,9
511,31,_get( ),433,435,15
512,31,_put( ),437,443,19
513,31,getChar( ),448,454,43
514,31,getChar( ),456,458,22
515,31,getChar( ),460,462,26
516,31,putChar( ),466,478,56
517,31,putChar( ),480,487,28
518,31,putChar( ),489,496,33
519,31,asCharBuffer( ),498,534,169
520,31,getShort( ),539,545,41
521,31,getShort( ),547,549,21
522,31,getShort( ),551,553,25
523,31,putShort( ),557,569,54
524,31,putShort( ),571,578,27
525,31,putShort( ),580,587,32
526,31,asShortBuffer( ),589,625,169
527,31,getInt( ),630,636,43
528,31,getInt( ),638,640,22
529,31,getInt( ),642,644,26
530,31,putInt( ),648,660,56
531,31,putInt( ),662,669,28
532,31,putInt( ),671,678,33
533,31,asIntBuffer( ),680,716,169
534,31,getLong( ),721,727,43
535,31,getLong( ),729,731,22
536,31,getLong( ),733,735,26
537,31,putLong( ),739,751,56
538,31,putLong( ),753,760,28
539,31,putLong( ),762,769,33
540,31,asLongBuffer( ),771,807,169
541,31,getFloat( ),812,818,43
542,31,getFloat( ),820,822,21
543,31,getFloat( ),824,826,25
544,31,putFloat( ),830,842,56
545,31,putFloat( ),844,851,27
546,31,putFloat( ),853,860,32
547,31,asFloatBuffer( ),862,898,169
548,31,getDouble( ),903,909,44
549,31,getDouble( ),911,913,22
550,31,getDouble( ),915,917,26
551,31,putDouble( ),921,933,57
552,31,putDouble( ),935,942,28
553,31,putDouble( ),944,951,33
554,31,asDoubleBuffer( ),953,989,169
555,32,DirectByteBufferR( ),110,133,12
556,32,DirectByteBufferR( ),149,158,23
557,32,DirectByteBufferR( ),164,178,37
558,32,slice( ),180,188,75
559,32,duplicate( ),190,197,30
560,32,asReadOnlyBuffer( ),199,210,11
561,32,put( ),261,268,12
562,32,put( ),270,277,15
563,32,put( ),279,318,13
564,32,put( ),320,345,20
565,32,compact( ),347,362,11
566,32,isDirect( ),364,366,9
567,32,isReadOnly( ),368,370,9
568,32,_get( ),433,435,15
569,32,_put( ),437,443,15
570,32,putChar( ),466,478,17
571,32,putChar( ),480,487,13
572,32,putChar( ),489,496,16
573,32,asCharBuffer( ),498,534,169
574,32,putShort( ),557,569,16
575,32,putShort( ),571,578,12
576,32,putShort( ),580,587,15
577,32,asShortBuffer( ),589,625,169
578,32,putInt( ),648,660,17
579,32,putInt( ),662,669,13
580,32,putInt( ),671,678,16
581,32,asIntBuffer( ),680,716,169
582,32,putLong( ),739,751,17
583,32,putLong( ),753,760,13
584,32,putLong( ),762,769,16
585,32,asLongBuffer( ),771,807,169
586,32,putFloat( ),830,842,16
587,32,putFloat( ),844,851,12
588,32,putFloat( ),853,860,15
589,32,asFloatBuffer( ),862,898,169
590,32,putDouble( ),921,933,17
591,32,putDouble( ),935,942,13
592,32,putDouble( ),944,951,16
593,32,asDoubleBuffer( ),953,989,169
594,33,DirectCharBufferRS( ),164,178,37
595,33,slice( ),180,188,75
596,33,duplicate( ),190,197,30
597,33,asReadOnlyBuffer( ),199,210,11
598,33,put( ),261,268,13
599,33,put( ),270,277,16
600,33,put( ),279,318,13
601,33,put( ),320,345,21
602,33,compact( ),347,362,11
603,33,isDirect( ),364,366,9
604,33,isReadOnly( ),368,370,9
605,33,toString( ),375,390,100
606,33,subSequence( ),395,408,118
607,33,order( ),416,425,21
608,34,DirectCharBufferRU( ),164,178,37
609,34,slice( ),180,188,75
610,34,duplicate( ),190,197,30
611,34,asReadOnlyBuffer( ),199,210,11
612,34,put( ),261,268,13
613,34,put( ),270,277,16
614,34,put( ),279,318,13
615,34,put( ),320,345,21
616,34,compact( ),347,362,11
617,34,isDirect( ),364,366,9
618,34,isReadOnly( ),368,370,9
619,34,toString( ),375,390,100
620,34,subSequence( ),395,408,118
621,34,order( ),416,425,21
622,35,viewedBuffer( ),61,63,9
623,35,cleaner( ),100,100,9
624,35,DirectCharBufferS( ),164,178,45
625,35,slice( ),180,188,75
626,35,duplicate( ),190,197,30
627,35,asReadOnlyBuffer( ),199,210,30
628,35,address( ),214,216,9
629,35,ix( ),218,220,18
630,35,get( ),222,224,22
631,35,get( ),226,228,25
632,35,get( ),230,257,153
633,35,put( ),261,268,28
634,35,put( ),270,277,32
635,35,put( ),279,318,222
636,35,put( ),320,345,153
637,35,compact( ),347,362,78
638,35,isDirect( ),364,366,9
639,35,isReadOnly( ),368,370,9
640,35,toString( ),375,390,100
641,35,subSequence( ),395,408,118
642,35,order( ),416,425,21
643,36,viewedBuffer( ),61,63,9
644,36,cleaner( ),100,100,9
645,36,DirectCharBufferU( ),164,178,45
646,36,slice( ),180,188,75
647,36,duplicate( ),190,197,30
648,36,asReadOnlyBuffer( ),199,210,30
649,36,address( ),214,216,9
650,36,ix( ),218,220,18
651,36,get( ),222,224,21
652,36,get( ),226,228,24
653,36,get( ),230,257,153
654,36,put( ),261,268,27
655,36,put( ),270,277,31
656,36,put( ),279,318,222
657,36,put( ),320,345,153
658,36,compact( ),347,362,78
659,36,isDirect( ),364,366,9
660,36,isReadOnly( ),368,370,9
661,36,toString( ),375,390,100
662,36,subSequence( ),395,408,118
663,36,order( ),416,425,21
664,37,DirectDoubleBufferRS( ),164,178,37
665,37,slice( ),180,188,75
666,37,duplicate( ),190,197,30
667,37,asReadOnlyBuffer( ),199,210,11
668,37,put( ),261,268,13
669,37,put( ),270,277,16
670,37,put( ),279,318,13
671,37,put( ),320,345,21
672,37,compact( ),347,362,11
673,37,isDirect( ),364,366,9
674,37,isReadOnly( ),368,370,9
675,37,order( ),416,425,21
676,38,DirectDoubleBufferRU( ),164,178,37
677,38,slice( ),180,188,75
678,38,duplicate( ),190,197,30
679,38,asReadOnlyBuffer( ),199,210,11
680,38,put( ),261,268,13
681,38,put( ),270,277,16
682,38,put( ),279,318,13
683,38,put( ),320,345,21
684,38,compact( ),347,362,11
685,38,isDirect( ),364,366,9
686,38,isReadOnly( ),368,370,9
687,38,order( ),416,425,21
688,39,viewedBuffer( ),61,63,9
689,39,cleaner( ),100,100,9
690,39,DirectDoubleBufferS( ),164,178,45
691,39,slice( ),180,188,75
692,39,duplicate( ),190,197,30
693,39,asReadOnlyBuffer( ),199,210,30
694,39,address( ),214,216,9
695,39,ix( ),218,220,18
696,39,get( ),222,224,23
697,39,get( ),226,228,26
698,39,get( ),230,257,153
699,39,put( ),261,268,29
700,39,put( ),270,277,33
701,39,put( ),279,318,222
702,39,put( ),320,345,153
703,39,compact( ),347,362,78
704,39,isDirect( ),364,366,9
705,39,isReadOnly( ),368,370,9
706,39,order( ),416,425,21
707,40,viewedBuffer( ),61,63,9
708,40,cleaner( ),100,100,9
709,40,DirectDoubleBufferU( ),164,178,45
710,40,slice( ),180,188,75
711,40,duplicate( ),190,197,30
712,40,asReadOnlyBuffer( ),199,210,30
713,40,address( ),214,216,9
714,40,ix( ),218,220,18
715,40,get( ),222,224,21
716,40,get( ),226,228,24
717,40,get( ),230,257,153
718,40,put( ),261,268,27
719,40,put( ),270,277,31
720,40,put( ),279,318,222
721,40,put( ),320,345,153
722,40,compact( ),347,362,78
723,40,isDirect( ),364,366,9
724,40,isReadOnly( ),368,370,9
725,40,order( ),416,425,21
726,41,DirectFloatBufferRS( ),164,178,37
727,41,slice( ),180,188,75
728,41,duplicate( ),190,197,30
729,41,asReadOnlyBuffer( ),199,210,11
730,41,put( ),261,268,12
731,41,put( ),270,277,15
732,41,put( ),279,318,13
733,41,put( ),320,345,20
734,41,compact( ),347,362,11
735,41,isDirect( ),364,366,9
736,41,isReadOnly( ),368,370,9
737,41,order( ),416,425,21
738,42,DirectFloatBufferRU( ),164,178,37
739,42,slice( ),180,188,75
740,42,duplicate( ),190,197,30
741,42,asReadOnlyBuffer( ),199,210,11
742,42,put( ),261,268,12
743,42,put( ),270,277,15
744,42,put( ),279,318,13
745,42,put( ),320,345,20
746,42,compact( ),347,362,11
747,42,isDirect( ),364,366,9
748,42,isReadOnly( ),368,370,9
749,42,order( ),416,425,21
750,43,viewedBuffer( ),61,63,9
751,43,cleaner( ),100,100,9
752,43,DirectFloatBufferS( ),164,178,45
753,43,slice( ),180,188,75
754,43,duplicate( ),190,197,30
755,43,asReadOnlyBuffer( ),199,210,30
756,43,address( ),214,216,9
757,43,ix( ),218,220,18
758,43,get( ),222,224,22
759,43,get( ),226,228,25
760,43,get( ),230,257,152
761,43,put( ),261,268,28
762,43,put( ),270,277,32
763,43,put( ),279,318,222
764,43,put( ),320,345,152
765,43,compact( ),347,362,78
766,43,isDirect( ),364,366,9
767,43,isReadOnly( ),368,370,9
768,43,order( ),416,425,21
769,44,viewedBuffer( ),61,63,9
770,44,cleaner( ),100,100,9
771,44,DirectFloatBufferU( ),164,178,45
772,44,slice( ),180,188,75
773,44,duplicate( ),190,197,30
774,44,asReadOnlyBuffer( ),199,210,30
775,44,address( ),214,216,9
776,44,ix( ),218,220,18
777,44,get( ),222,224,20
778,44,get( ),226,228,23
779,44,get( ),230,257,152
780,44,put( ),261,268,26
781,44,put( ),270,277,30
782,44,put( ),279,318,222
783,44,put( ),320,345,152
784,44,compact( ),347,362,78
785,44,isDirect( ),364,366,9
786,44,isReadOnly( ),368,370,9
787,44,order( ),416,425,21
788,45,DirectIntBufferRS( ),164,178,37
789,45,slice( ),180,188,75
790,45,duplicate( ),190,197,30
791,45,asReadOnlyBuffer( ),199,210,11
792,45,put( ),261,268,13
793,45,put( ),270,277,16
794,45,put( ),279,318,13
795,45,put( ),320,345,21
796,45,compact( ),347,362,11
797,45,isDirect( ),364,366,9
798,45,isReadOnly( ),368,370,9
799,45,order( ),416,425,21
800,46,DirectIntBufferRU( ),164,178,37
801,46,slice( ),180,188,75
802,46,duplicate( ),190,197,30
803,46,asReadOnlyBuffer( ),199,210,11
804,46,put( ),261,268,13
805,46,put( ),270,277,16
806,46,put( ),279,318,13
807,46,put( ),320,345,21
808,46,compact( ),347,362,11
809,46,isDirect( ),364,366,9
810,46,isReadOnly( ),368,370,9
811,46,order( ),416,425,21
812,47,viewedBuffer( ),61,63,9
813,47,cleaner( ),100,100,9
814,47,DirectIntBufferS( ),164,178,45
815,47,slice( ),180,188,75
816,47,duplicate( ),190,197,30
817,47,asReadOnlyBuffer( ),199,210,30
818,47,address( ),214,216,9
819,47,ix( ),218,220,18
820,47,get( ),222,224,22
821,47,get( ),226,228,25
822,47,get( ),230,257,153
823,47,put( ),261,268,28
824,47,put( ),270,277,32
825,47,put( ),279,318,222
826,47,put( ),320,345,153
827,47,compact( ),347,362,78
828,47,isDirect( ),364,366,9
829,47,isReadOnly( ),368,370,9
830,47,order( ),416,425,21
831,48,viewedBuffer( ),61,63,9
832,48,cleaner( ),100,100,9
833,48,DirectIntBufferU( ),164,178,45
834,48,slice( ),180,188,75
835,48,duplicate( ),190,197,30
836,48,asReadOnlyBuffer( ),199,210,30
837,48,address( ),214,216,9
838,48,ix( ),218,220,18
839,48,get( ),222,224,21
840,48,get( ),226,228,24
841,48,get( ),230,257,153
842,48,put( ),261,268,27
843,48,put( ),270,277,31
844,48,put( ),279,318,222
845,48,put( ),320,345,153
846,48,compact( ),347,362,78
847,48,isDirect( ),364,366,9
848,48,isReadOnly( ),368,370,9
849,48,order( ),416,425,21
850,49,DirectLongBufferRS( ),164,178,37
851,49,slice( ),180,188,75
852,49,duplicate( ),190,197,30
853,49,asReadOnlyBuffer( ),199,210,11
854,49,put( ),261,268,13
855,49,put( ),270,277,16
856,49,put( ),279,318,13
857,49,put( ),320,345,21
858,49,compact( ),347,362,11
859,49,isDirect( ),364,366,9
860,49,isReadOnly( ),368,370,9
861,49,order( ),416,425,21
862,50,DirectLongBufferRU( ),164,178,37
863,50,slice( ),180,188,75
864,50,duplicate( ),190,197,30
865,50,asReadOnlyBuffer( ),199,210,11
866,50,put( ),261,268,13
867,50,put( ),270,277,16
868,50,put( ),279,318,13
869,50,put( ),320,345,21
870,50,compact( ),347,362,11
871,50,isDirect( ),364,366,9
872,50,isReadOnly( ),368,370,9
873,50,order( ),416,425,21
874,51,viewedBuffer( ),61,63,9
875,51,cleaner( ),100,100,9
876,51,DirectLongBufferS( ),164,178,45
877,51,slice( ),180,188,75
878,51,duplicate( ),190,197,30
879,51,asReadOnlyBuffer( ),199,210,30
880,51,address( ),214,216,9
881,51,ix( ),218,220,18
882,51,get( ),222,224,22
883,51,get( ),226,228,25
884,51,get( ),230,257,153
885,51,put( ),261,268,28
886,51,put( ),270,277,32
887,51,put( ),279,318,222
888,51,put( ),320,345,153
889,51,compact( ),347,362,78
890,51,isDirect( ),364,366,9
891,51,isReadOnly( ),368,370,9
892,51,order( ),416,425,21
893,52,viewedBuffer( ),61,63,9
894,52,cleaner( ),100,100,9
895,52,DirectLongBufferU( ),164,178,45
896,52,slice( ),180,188,75
897,52,duplicate( ),190,197,30
898,52,asReadOnlyBuffer( ),199,210,30
899,52,address( ),214,216,9
900,52,ix( ),218,220,18
901,52,get( ),222,224,21
902,52,get( ),226,228,24
903,52,get( ),230,257,153
904,52,put( ),261,268,27
905,52,put( ),270,277,31
906,52,put( ),279,318,222
907,52,put( ),320,345,153
908,52,compact( ),347,362,78
909,52,isDirect( ),364,366,9
910,52,isReadOnly( ),368,370,9
911,52,order( ),416,425,21
912,53,DirectShortBufferRS( ),164,178,37
913,53,slice( ),180,188,75
914,53,duplicate( ),190,197,30
915,53,asReadOnlyBuffer( ),199,210,11
916,53,put( ),261,268,12
917,53,put( ),270,277,15
918,53,put( ),279,318,13
919,53,put( ),320,345,20
920,53,compact( ),347,362,11
921,53,isDirect( ),364,366,9
922,53,isReadOnly( ),368,370,9
923,53,order( ),416,425,21
924,54,DirectShortBufferRU( ),164,178,37
925,54,slice( ),180,188,75
926,54,duplicate( ),190,197,30
927,54,asReadOnlyBuffer( ),199,210,11
928,54,put( ),261,268,12
929,54,put( ),270,277,15
930,54,put( ),279,318,13
931,54,put( ),320,345,20
932,54,compact( ),347,362,11
933,54,isDirect( ),364,366,9
934,54,isReadOnly( ),368,370,9
935,54,order( ),416,425,21
936,55,viewedBuffer( ),59,61,9
937,55,cleaner( ),98,98,9
938,55,DirectShortBufferS( ),162,176,45
939,55,slice( ),178,186,75
940,55,duplicate( ),188,195,30
941,55,asReadOnlyBuffer( ),197,208,30
942,55,address( ),212,214,9
943,55,ix( ),216,218,18
944,55,get( ),220,222,21
945,55,get( ),224,226,24
946,55,get( ),228,255,152
947,55,put( ),259,266,27
948,55,put( ),268,275,31
949,55,put( ),277,316,222
950,55,put( ),318,343,152
951,55,compact( ),345,360,78
952,55,isDirect( ),362,364,9
953,55,isReadOnly( ),366,368,9
954,55,order( ),414,423,21
955,56,viewedBuffer( ),61,63,9
956,56,cleaner( ),100,100,9
957,56,DirectShortBufferU( ),164,178,45
958,56,slice( ),180,188,75
959,56,duplicate( ),190,197,30
960,56,asReadOnlyBuffer( ),199,210,30
961,56,address( ),214,216,9
962,56,ix( ),218,220,18
963,56,get( ),222,224,20
964,56,get( ),226,228,23
965,56,get( ),230,257,152
966,56,put( ),261,268,26
967,56,put( ),270,277,30
968,56,put( ),279,318,222
969,56,put( ),320,345,152
970,56,compact( ),347,362,78
971,56,isDirect( ),364,366,9
972,56,isReadOnly( ),368,370,9
973,56,order( ),416,425,21
974,57,DoubleBuffer( ),273,279,43
975,57,DoubleBuffer( ),283,285,31
976,57,allocate( ),326,330,28
977,57,wrap( ),363,371,42
978,57,wrap( ),389,391,21
979,57,get( ),665,673,71
980,57,get( ),691,693,20
981,57,put( ),739,748,63
982,57,put( ),800,808,70
983,57,put( ),829,831,20
984,57,hasArray( ),932,934,16
985,57,array( ),955,961,31
986,57,arrayOffset( ),983,989,29
987,57,toString( ),1046,1057,70
988,57,hashCode( ),1077,1083,53
989,57,equals( ),1110,1129,133
990,57,compareTo( ),1143,1157,116
991,58,FloatBuffer( ),247,253,42
992,58,FloatBuffer( ),257,259,31
993,58,allocate( ),300,304,28
994,58,wrap( ),337,345,41
995,58,wrap( ),363,365,20
996,58,get( ),639,647,70
997,58,get( ),665,667,19
998,58,put( ),713,722,63
999,58,put( ),774,782,69
1000,58,put( ),803,805,19
1001,58,hasArray( ),906,908,16
1002,58,array( ),929,935,30
1003,58,arrayOffset( ),957,963,29
1004,58,toString( ),1020,1031,70
1005,58,hashCode( ),1051,1057,53
1006,58,equals( ),1084,1103,131
1007,58,compareTo( ),1117,1131,114
1008,59,HeapByteBuffer( ),55,66,28
1009,59,HeapByteBuffer( ),68,79,32
1010,59,HeapByteBuffer( ),81,95,39
1011,59,slice( ),97,104,31
1012,59,duplicate( ),106,113,30
1013,59,asReadOnlyBuffer( ),115,126,30
1014,59,ix( ),130,132,14
1015,59,get( ),134,136,16
1016,59,get( ),138,140,19
1017,59,get( ),142,149,67
1018,59,isDirect( ),151,153,9
1019,59,isReadOnly( ),157,159,9
1020,59,put( ),161,168,22
1021,59,put( ),170,177,26
1022,59,put( ),179,190,67
1023,59,put( ),192,218,158
1024,59,compact( ),220,230,50
1025,59,_get( ),236,238,13
1026,59,_put( ),240,246,17
1027,59,getChar( ),252,254,22
1028,59,getChar( ),256,258,26
1029,59,putChar( ),262,269,28
1030,59,putChar( ),271,278,33
1031,59,asCharBuffer( ),280,296,71
1032,59,getShort( ),303,305,21
1033,59,getShort( ),307,309,25
1034,59,putShort( ),313,320,27
1035,59,putShort( ),322,328,32
1036,59,asShortBuffer( ),330,346,71
1037,59,getInt( ),353,355,22
1038,59,getInt( ),357,359,26
1039,59,putInt( ),363,370,28
1040,59,putInt( ),372,379,33
1041,59,asIntBuffer( ),381,397,71
1042,59,getLong( ),404,406,22
1043,59,getLong( ),408,410,26
1044,59,putLong( ),414,421,28
1045,59,putLong( ),423,430,33
1046,59,asLongBuffer( ),432,448,71
1047,59,getFloat( ),455,457,21
1048,59,getFloat( ),459,461,25
1049,59,putFloat( ),465,472,27
1050,59,putFloat( ),474,481,32
1051,59,asFloatBuffer( ),483,499,71
1052,59,getDouble( ),506,508,22
1053,59,getDouble( ),510,512,26
1054,59,putDouble( ),516,523,28
1055,59,putDouble( ),525,532,33
1056,59,asDoubleBuffer( ),534,550,71
1057,60,HeapByteBufferR( ),55,66,21
1058,60,HeapByteBufferR( ),68,79,27
1059,60,HeapByteBufferR( ),81,95,43
1060,60,slice( ),97,104,31
1061,60,duplicate( ),106,113,30
1062,60,asReadOnlyBuffer( ),115,126,11
1063,60,isReadOnly( ),157,159,9
1064,60,put( ),161,168,12
1065,60,put( ),170,177,15
1066,60,put( ),179,190,20
1067,60,put( ),192,218,13
1068,60,compact( ),220,230,11
1069,60,_get( ),236,238,13
1070,60,_put( ),240,246,15
1071,60,putChar( ),262,269,13
1072,60,putChar( ),271,278,16
1073,60,asCharBuffer( ),280,296,71
1074,60,putShort( ),313,320,12
1075,60,putShort( ),322,329,15
1076,60,asShortBuffer( ),331,347,71
1077,60,putInt( ),364,371,13
1078,60,putInt( ),373,380,16
1079,60,asIntBuffer( ),382,398,71
1080,60,putLong( ),415,422,13
1081,60,putLong( ),424,431,16
1082,60,asLongBuffer( ),433,449,71
1083,60,putFloat( ),466,473,12
1084,60,putFloat( ),475,482,15
1085,60,asFloatBuffer( ),484,500,71
1086,60,putDouble( ),517,524,13
1087,60,putDouble( ),526,533,16
1088,60,asDoubleBuffer( ),535,551,71
1089,61,HeapCharBuffer( ),55,66,29
1090,61,HeapCharBuffer( ),68,79,33
1091,61,HeapCharBuffer( ),81,95,40
1092,61,slice( ),97,104,31
1093,61,duplicate( ),106,113,30
1094,61,asReadOnlyBuffer( ),115,126,30
1095,61,ix( ),130,132,14
1096,61,get( ),134,136,17
1097,61,get( ),138,140,20
1098,61,get( ),142,149,68
1099,61,isDirect( ),151,153,9
1100,61,isReadOnly( ),157,159,9
1101,61,put( ),161,168,23
1102,61,put( ),170,177,27
1103,61,put( ),179,190,68
1104,61,put( ),192,218,158
1105,61,compact( ),220,230,50
1106,61,toString( ),559,565,40
1107,61,subSequence( ),570,579,68
1108,61,order( ),586,588,11
1109,62,HeapCharBufferR( ),55,66,21
1110,62,HeapCharBufferR( ),68,79,28
1111,62,HeapCharBufferR( ),81,95,44
1112,62,slice( ),97,104,31
1113,62,duplicate( ),106,113,30
1114,62,asReadOnlyBuffer( ),115,126,11
1115,62,isReadOnly( ),157,159,9
1116,62,put( ),161,168,13
1117,62,put( ),170,177,16
1118,62,put( ),179,190,21
1119,62,put( ),192,218,13
1120,62,compact( ),220,230,11
1121,62,toString( ),557,563,40
1122,62,subSequence( ),568,577,68
1123,62,order( ),584,586,11
1124,63,HeapDoubleBuffer( ),55,66,29
1125,63,HeapDoubleBuffer( ),68,79,33
1126,63,HeapDoubleBuffer( ),81,95,40
1127,63,slice( ),97,104,31
1128,63,duplicate( ),106,113,30
1129,63,asReadOnlyBuffer( ),115,126,30
1130,63,ix( ),130,132,14
1131,63,get( ),134,136,17
1132,63,get( ),138,140,20
1133,63,get( ),142,149,68
1134,63,isDirect( ),151,153,9
1135,63,isReadOnly( ),157,159,9
1136,63,put( ),161,168,23
1137,63,put( ),170,177,27
1138,63,put( ),179,190,68
1139,63,put( ),192,218,158
1140,63,compact( ),220,230,50
1141,63,order( ),586,588,11
1142,64,HeapDoubleBufferR( ),55,66,21
1143,64,HeapDoubleBufferR( ),68,79,28
1144,64,HeapDoubleBufferR( ),81,95,44
1145,64,slice( ),97,104,31
1146,64,duplicate( ),106,113,30
1147,64,asReadOnlyBuffer( ),115,126,11
1148,64,isReadOnly( ),157,159,9
1149,64,put( ),161,168,13
1150,64,put( ),170,177,16
1151,64,put( ),179,190,21
1152,64,put( ),192,218,13
1153,64,compact( ),220,230,11
1154,64,order( ),586,588,11
1155,65,HeapFloatBuffer( ),55,66,28
1156,65,HeapFloatBuffer( ),68,79,32
1157,65,HeapFloatBuffer( ),81,95,39
1158,65,slice( ),97,104,31
1159,65,duplicate( ),106,113,30
1160,65,asReadOnlyBuffer( ),115,126,30
1161,65,ix( ),130,132,14
1162,65,get( ),134,136,16
1163,65,get( ),138,140,19
1164,65,get( ),142,149,67
1165,65,isDirect( ),151,153,9
1166,65,isReadOnly( ),157,159,9
1167,65,put( ),161,168,22
1168,65,put( ),170,177,26
1169,65,put( ),179,190,67
1170,65,put( ),192,218,158
1171,65,compact( ),220,230,50
1172,65,order( ),586,588,11
1173,66,HeapFloatBufferR( ),55,66,21
1174,66,HeapFloatBufferR( ),68,79,27
1175,66,HeapFloatBufferR( ),81,95,43
1176,66,slice( ),97,104,31
1177,66,duplicate( ),106,113,30
1178,66,asReadOnlyBuffer( ),115,126,11
1179,66,isReadOnly( ),157,159,9
1180,66,put( ),161,168,12
1181,66,put( ),170,177,15
1182,66,put( ),179,190,20
1183,66,put( ),192,218,13
1184,66,compact( ),220,230,11
1185,66,order( ),586,588,11
1186,67,HeapIntBuffer( ),55,66,29
1187,67,HeapIntBuffer( ),68,79,33
1188,67,HeapIntBuffer( ),81,95,40
1189,67,slice( ),97,104,31
1190,67,duplicate( ),106,113,30
1191,67,asReadOnlyBuffer( ),115,126,30
1192,67,ix( ),130,132,14
1193,67,get( ),134,136,17
1194,67,get( ),138,140,20
1195,67,get( ),142,149,68
1196,67,isDirect( ),151,153,9
1197,67,isReadOnly( ),157,159,9
1198,67,put( ),161,168,23
1199,67,put( ),170,177,27
1200,67,put( ),179,190,68
1201,67,put( ),192,218,158
1202,67,compact( ),220,230,50
1203,67,order( ),586,588,11
1204,68,HeapIntBufferR( ),55,66,21
1205,68,HeapIntBufferR( ),68,79,28
1206,68,HeapIntBufferR( ),81,95,44
1207,68,slice( ),97,104,31
1208,68,duplicate( ),106,113,30
1209,68,asReadOnlyBuffer( ),115,126,11
1210,68,isReadOnly( ),157,159,9
1211,68,put( ),161,168,13
1212,68,put( ),170,177,16
1213,68,put( ),179,190,21
1214,68,put( ),192,218,13
1215,68,compact( ),220,230,11
1216,68,order( ),586,588,11
1217,69,HeapLongBuffer( ),55,66,29
1218,69,HeapLongBuffer( ),68,79,33
1219,69,HeapLongBuffer( ),81,95,40
1220,69,slice( ),97,104,31
1221,69,duplicate( ),106,113,30
1222,69,asReadOnlyBuffer( ),115,126,30
1223,69,ix( ),130,132,14
1224,69,get( ),134,136,17
1225,69,get( ),138,140,20
1226,69,get( ),142,149,68
1227,69,isDirect( ),151,153,9
1228,69,isReadOnly( ),157,159,9
1229,69,put( ),161,168,23
1230,69,put( ),170,177,27
1231,69,put( ),179,190,68
1232,69,put( ),192,218,158
1233,69,compact( ),220,230,50
1234,69,order( ),586,588,11
1235,70,HeapLongBufferR( ),55,66,21
1236,70,HeapLongBufferR( ),68,79,28
1237,70,HeapLongBufferR( ),81,95,44
1238,70,slice( ),97,104,31
1239,70,duplicate( ),106,113,30
1240,70,asReadOnlyBuffer( ),115,126,11
1241,70,isReadOnly( ),157,159,9
1242,70,put( ),161,168,13
1243,70,put( ),170,177,16
1244,70,put( ),179,190,21
1245,70,put( ),192,218,13
1246,70,compact( ),220,230,11
1247,70,order( ),586,588,11
1248,71,HeapShortBuffer( ),55,66,28
1249,71,HeapShortBuffer( ),68,79,32
1250,71,HeapShortBuffer( ),81,95,39
1251,71,slice( ),97,104,31
1252,71,duplicate( ),106,113,30
1253,71,asReadOnlyBuffer( ),115,126,30
1254,71,ix( ),130,132,14
1255,71,get( ),134,136,16
1256,71,get( ),138,140,19
1257,71,get( ),142,149,67
1258,71,isDirect( ),151,153,9
1259,71,isReadOnly( ),157,159,9
1260,71,put( ),161,168,22
1261,71,put( ),170,177,26
1262,71,put( ),179,190,67
1263,71,put( ),192,218,158
1264,71,compact( ),220,230,50
1265,71,order( ),586,588,11
1266,72,HeapShortBufferR( ),55,66,21
1267,72,HeapShortBufferR( ),68,79,27
1268,72,HeapShortBufferR( ),81,95,43
1269,72,slice( ),97,104,31
1270,72,duplicate( ),106,113,30
1271,72,asReadOnlyBuffer( ),115,126,11
1272,72,isReadOnly( ),157,159,9
1273,72,put( ),161,168,12
1274,72,put( ),170,177,15
1275,72,put( ),179,190,20
1276,72,put( ),192,218,13
1277,72,compact( ),220,230,11
1278,72,order( ),586,588,11
1279,73,IntBuffer( ),273,279,43
1280,73,IntBuffer( ),283,285,31
1281,73,allocate( ),326,330,28
1282,73,wrap( ),363,371,42
1283,73,wrap( ),389,391,21
1284,73,get( ),665,673,71
1285,73,get( ),691,693,20
1286,73,put( ),739,748,63
1287,73,put( ),800,808,70
1288,73,put( ),829,831,20
1289,73,hasArray( ),932,934,16
1290,73,array( ),955,961,31
1291,73,arrayOffset( ),983,989,29
1292,73,toString( ),1046,1057,70
1293,73,hashCode( ),1077,1083,53
1294,73,equals( ),1110,1129,133
1295,73,compareTo( ),1143,1157,116
1296,74,InvalidMarkException( ),49,49,5
1297,75,LongBuffer( ),273,279,43
1298,75,LongBuffer( ),283,285,31
1299,75,allocate( ),326,330,28
1300,75,wrap( ),363,371,42
1301,75,wrap( ),389,391,21
1302,75,get( ),665,673,71
1303,75,get( ),691,693,20
1304,75,put( ),739,748,63
1305,75,put( ),800,808,70
1306,75,put( ),829,831,20
1307,75,hasArray( ),932,934,16
1308,75,array( ),955,961,31
1309,75,arrayOffset( ),983,989,29
1310,75,toString( ),1046,1057,70
1311,75,hashCode( ),1077,1083,53
1312,75,equals( ),1110,1129,133
1313,75,compareTo( ),1143,1157,116
1314,76,MappedByteBuffer( ),78,83,34
1315,76,MappedByteBuffer( ),85,88,31
1316,76,checkMapped( ),90,94,17
1317,76,isLoaded( ),114,119,48
1318,76,load( ),131,137,54
1319,76,force( ),157,163,50
1320,77,ReadOnlyBufferException( ),49,49,5
1321,78,ShortBuffer( ),246,252,42
1322,78,ShortBuffer( ),256,258,31
1323,78,allocate( ),299,303,28
1324,78,wrap( ),336,344,41
1325,78,wrap( ),362,364,20
1326,78,get( ),638,646,70
1327,78,get( ),664,666,19
1328,78,put( ),712,721,63
1329,78,put( ),773,781,69
1330,78,put( ),802,804,19
1331,78,hasArray( ),905,907,16
1332,78,array( ),928,934,30
1333,78,arrayOffset( ),956,962,29
1334,78,toString( ),1019,1030,70
1335,78,hashCode( ),1050,1056,53
1336,78,equals( ),1083,1102,131
1337,78,compareTo( ),1116,1130,114
1338,79,StringCharBuffer( ),36,42,69
1339,79,slice( ),44,51,29
1340,79,StringCharBuffer( ),53,61,42
1341,79,StringCharBuffer( ),63,68,35
1342,79,duplicate( ),70,73,28
1343,79,asReadOnlyBuffer( ),75,77,11
1344,79,get( ),79,81,14
1345,79,get( ),83,85,17
1346,79,put( ),89,91,13
1347,79,put( ),93,95,16
1348,79,compact( ),97,99,11
1349,79,isReadOnly( ),101,103,9
1350,79,toString( ),105,107,23
1351,79,subSequence( ),109,118,57
1352,79,isDirect( ),120,122,9
1353,79,order( ),124,126,11
