300,301,400,401,600,601,6200,6201,6202,6203,6204,6205,6500,6501,6502,6503,6504,6505,8300,8301,8302,8303,8304,8305,8306,8307,
900,901,1000,1001,


3900,6300,7000,7200,7300,7400,7700,7900,8000,10700,10701,
8400,8500,9000,10900,11100,11101,
8400,8500,9000,10900,11100,11101,
8400,8500,10900,11100,
8400,8500,10900,11100,
9000,10900,11100,11101,
9000,10900,11100,11101,
10900,11100,
10900,11100,
9000,10900,11100,11101,
9000,10900,11100,11101,
10900,11100,
10900,11100,
9000,10900,11100,11101,
9000,10900,11100,11101,
10900,11100,
10900,11100,
9000,10900,11100,11101,
9000,10900,11100,11101,
10900,11100,
10900,11100,
9000,10900,11100,11101,
9000,10900,11100,11101,
10900,11100,
10900,11100,

7000,7200,7300,7400,7700,7900,8000,10700,10701,
1500,1501,3000,3001,3300,3301,3700,5400,5401,5402,5403,10000,10500,10501,10900,11100,11101,11102,11103,11104,11105,11106,11107,
10900,11100,11101,11102,11103,11104,11105,11106,
8400,8500,10900,11100,
8400,8500,10900,11100,
8400,8500,10000,10500,10501,10900,11100,11101,
8400,8500,10000,10500,10501,10900,11100,11101,
10900,11100,
10900,11100,
10000,10500,10501,10900,11100,11101,
10000,10500,10501,10900,11100,11101,
10900,11100,
10900,11100,
10000,10500,10501,10900,11100,11101,
3700,10000,10500,10501,10900,11100,11101,
10900,11100,
10900,11100,
10000,10500,10501,10900,11100,11101,
10000,10500,10501,10900,11100,11101,
10900,11100,
10900,11100,
10000,10500,10501,10900,11100,11101,
10000,10500,10501,10900,11100,11101,
10900,11100,
10900,11100,
10000,10500,10501,10900,11100,11101,
3700,10000,10500,10501,10900,11100,11101,
6300,7000,7200,7300,7400,7700,7900,8000,10700,10701,
3900,6300,7000,7200,7300,7400,7700,7900,8000,10700,10701,
2000,2001,6800,7500,8700,8701,8702,8703,8704,8705,9700,9900,10000,10700,10701,
8700,8701,8702,8703,8704,8705,9700,9900,
200,1300,6800,7500,9700,9900,10000,10700,10701,
200,1300,9700,9900,
6800,7500,9700,9900,10000,10700,10701,
9700,9900,
6800,7500,9700,9900,10000,10700,10701,
9700,9900,
6800,7500,9700,9900,10000,10700,10701,
9700,9900,
6800,7500,9700,9900,10000,10700,10701,
9700,9900,
6800,7500,9700,9900,10000,10700,10701,
9700,9900,
6300,7000,7200,7300,7400,7700,7900,8000,10700,10701,

6300,7000,7200,7300,7400,7700,7900,8000,10700,10701,
3400,3401,

3900,6300,7000,7200,7300,7400,7700,7900,8000,10700,10701,
10900,
